7 11
-----
1 6 4 3 9 2 8
-----
10 13
-----
1 7 9 10 8 11 2 5 3 4
-----
3410 13381
-----
1 6691 8921 10036 10705 11151 9558 5018 7434 12043 2433 12266 3088 4779 12489 2509 6297 3717 10564 12712 3186 7907 8145 6133 2141 1544 2478 9080 5537 12935 7338 7945 811 9839 7264 8549 7233 5282 9950 6356 9791 1593 4979 10644 4163 10763 10534 9757 3277 7761 2099 772 9089 1239 5839 4540 12442 9459 1134 13158 7897 3669 1062 10663 5970 7096 11983 11610 2715 3632 8104 10965 11548 10307 5174 2641 11817 4975 8469 3178 826 11586 3708 7487 9288 9180 6306 5322 9923 8772 9999 12072 2446 5267 4789 11569 5380 8329 9191 10571 9009 7740 2988 386 11342 11235 11130 7310 2578 9610 2411 2270 1421 6221 1629 11420 7777 567 12369 6579 5087 10639 7724 8525 11133 531 7270 12022 6120 2985 6333 3548 11067 12682 5848 5805 6544 8048 1444 1816 12432 4052 6363 12173 9136 5774 10013 11844 3233 2587 12229 8011 5160 12599 6820 9178 9290 10925 7490 1589 12633 413 6239 5793 10867 1854 12740 10434 8472 4644 13068 4590 3790 3153 4129 2661 378 11652 8821 4386 1035 11690 11553 6036 6799 1223 12737 9324 354 9085 3643 12475 208 2690 1990 10855 6249 11286 1950 11976 12915 11195 791 3870 12663 1494 905 193 10692 5671 12620 12308 11622 5565 3672 3655 6783 1289 12770 4805 2543 7896 13321 1135 6185 7401 1120 9801 2162 7505 3939 5710 12979 10579 4783 6974 2823 12875 4479 9980 10938 9234 9196 12010 8684 3862 12135 10953 1236 12257 3945 6956 12905 3635 3096 6011 7081 3060 6768 8183 2102 9857 3765 1774 4494 12224 7768 6341 1940 2924 8789 9593 3333 3272 3844 4024 9130 722 9736 908 12381 6216 11206 2026 10517 9872 9045 12777 4306 4568 10714 2887 6622 11697 2903 5922 7524 8307 8861 7984 6446 12805 3003 10696 9608 2580 12117 12990 996 3410 11703 4589 13210 4645 8241 12153 5192 3745 10235 7485 3710 13007 4557 6897 1194 9810 9780 9587 5328 12124 11198 927 5264 6370 7749 5217 6353 4236 4934 2322 3100 6534 10026 2295 543 1895 4666 8267 11694 8755 11513 8021 4056 189 4297 5826 4123 11101 12971 2193 556 7208 6156 5845 7662 12467 2771 3018 7035 10090 3210 7302 4556 13059 3711 4662 10719 177 1730 11233 11344 8512 559 12928 10392 104 2040 1345 8978 995 13073 12118 2111 9815 4370 5643 10179 975 3689 5988 10578 13148 5711 12288 10870 7086 1874 1935 2192 13022 11102 747 162 7143 6094 6787 9402 5346 12391 9526 12205 6310 4144 6154 7210 5811 10686 9473 2121 1836 7358 8518 9240 10082 11966 7335 3950 6385 9449 9093 7798 7962 7793 3948 7337 13351 5538 7258 3308 9783 3323 10391 12997 560 4676 11591 12649 1081 1720 10443 5573 8660 4364 2855 11194 13180 11977 11980 5535 9082 7557 3487 4102 8102 3634 13128 6957 8930 4749 4990 2615 5469 4211 4617 1076 4598 6402 6005 6540 4342 10683 1931 8984 12758 12543 12167 8804 618 4800 12819 8707 8663 2208 3478 4478 13143 2824 8508 7282 1548 9296 9696 4356 10231 5950 1530 4607 3384 10184 10782 1541 1051 2405 11619 10297 8573 2793 887 11408 2247 126 6112 6929 3884 2226 9861 11861 970 11246 1462 9943 11085 345 11487 5868 8357 11424 1636 3851 1922 4517 2012 5033 4565 11187 361 6174 4868 383 454 8706 12881 4801 3108 10989 5603 118 1013 11970 11949 2320 4936 10135 11213 3002 13079 6447 2153 8990 2284 8176 5357 8125 8134 9584 3311 4126 12539 2499 8142 2083 2961 3475 3762 5150 10844 650 11121 9360 3992 9173 3223 4305 13093 9046 8192 12389 5348 4724 4804 13162 1290 8666 12749 4221 6495 4576 498 8582 1705 4762 12542 12887 8985 7579 6605 3564 9013 10658 10811 4220 12767 8667 2596 1454 8563 3340 11808 3874 10433 13214 1855 9323 13194 1224 8969 4612 10139 2536 597 2261 4905 6086 4890 6619 11484 8717 2664 9320 6062 1579 5599 5308 7154 10242 2632 4895 3185 13361 10565 11666 9299 8808 9867 6522 2118 2609 2467 12238 1161 9294 1550 7386 3267 3985 5013 5181 7838 6875 6962 1646 7638 1313 2333 2965 10824 7660 5847 13247 11068 10575 12447 3902 10701 10515 2028 1287 6785 6096 8839 941 2913 8464 8752 6625 12241 1493 13176 3871 7787 4250 278 3646 3604 12532 3078 1270 9613 11986 3831 1080 12924 11592 8076 7355 1509 10821 10208 8130 5045 4045 1605 1909 3651 5999 2278 412 13220 1590 8546 10744 2331 1315 12050 5122 6779 9121 865 8762 12307 13170 5672 6103 4256 1032 6970 9351 6464 6647 5196 11281 52 4293 1020 1364 7363 2256 4489 10375 7188 6819 13227 5161 6059 1858 7746 6682 11598 1255 2185 203 9512 5754 11780 1498 7178 3425 8535 2981 2994 11510 5289 9565 6574 7879 9546 5107 6144 3705 5435 33 3543 7390 937 3924 7658 10826 1096 1111 6511 8247 5551 1382 7064 10202 81 1796 10262 9378 3047 11964 10084 1767 4701 2548 2673 12166 12886 12759 4763 2498 12793 4127 3155 9723 2072 8373 3077 12656 3605 9623 9596 3859 5343 7966 11427 5215 7751 4829 918 3015 3679 10404 4259 758 4620 10356 5041 11718 5983 5039 10358 12492 1975 3502 9883 9414 11415 11128 11237 12333 3899 6592 3981 5428 10587 528 1974 12508 10359 2508 13366 4780 2769 12469 3629 7414 1654 5790 11582 2896 8352 6609 11886 207 13189 3644 280 1001 2338 3628 12486 2770 13015 7663 7231 8551 860 10367 11912 4039 9477 2682 4330 4036 2182 332 8118 1570 5597 1581 6590 3901 12679 10576 5990 814 9458 13324 4541 711 10469 10316 8434 2747 2051 12293 4051 13240 1817 6191 6564 7891 10169 6081 4465 7872 9065 4758 2495 1100 7998 5697 9425 5394 8796 9631 8999 1519 538 2136 2299 5941 3201 398 9693 11669 3270 3335 2171 3260 12032 11625 7656 3926 4492 1776 6379 9525 12962 5347 12774 8193 4402 390 309 9972 2400 6215 13100 909 11044 8725 11022 2583 1104 7521 1739 3700 2239 6578 13262 568 1412 10863 4254 6105 3641 9087 774 12018 4648 9954 4848 7885 2178 5798 11806 3342 2975 9124 765 6412 8994 181 1692 3613 5092 6903 5391 10476 7461 4285 7216 10167 7893 3898 12500 11238 11839 522 10977 8298 8087 2524 7134 1747 5704 1352 7814 9711 63 2719 3056 10353 10155 2922 1942 6509 1113 10295 11621 13169 12621 8763 485 8784 5623 9549 731 458 11662 9106 12233 6709 6863 4050 12434 2052 2934 1852 10869 12977 5712 2554 818 12271 8616 10885 961 5384 8949 10797 1006 5861 9207 2345 8973 8615 12284 819 6871 1070 3087 13369 2434 4073 6882 5979 227 3581 4353 3944 13131 1237 9091 9451 1554 5689 12185 3573 9492 3921 59 224 7197 5037 5985 1492 12665 6626 1160 12702 2468 8461 11758 6708 12297 9107 1501 8010 13230 2588 9914 3464 7767 13115 4495 6754 1142 680 4088 9262 9369 5272 10753 7453 4067 1820 4792 6182 8346 8818 2063 6309 12960 9527 7940 5164 4071 2436 7732 6945 8171 5917 8428 4419 1881 6336 2575 3393 5422 6483 325 3572 12251 5690 4680 9966 1996 2440 11277 3526 8302 7540 8843 9135 13237 6364 4523 2453 4096 8803 12885 12544 2674 2232 2362 6213 2402 5085 6581 186 645 4413 4333 5191 13065 8242 8801 4098 9938 8161 2288 2427 249 1125 4291 54 7543 5402 2381 4995 6271 10952 13134 3863 11183 1682 10480 3134 9993 10818 1782 789 11197 13051 5329 11351 12096 7619 2110 12989 13074 2581 11024 3971 1298 10302 727 3769 10972 4152 1670 11324 5904 2190 1937 5932 11907 3562 6607 8354 7618 12121 11352 707 6597 218 612 4716 11175 6913 2306 6706 11760 9409 1268 3080 6989 8043 7821 5299 9143 8449 3043 3399 2445 13289 10000 5777 5742 693 11049 753 1332 7610 4660 3713 3031 3130 7480 11520 9490 3575 2654 2652 3577 7058 5121 12627 1316 5772 9138 6906 8283 2432 13371 7435 11973 1846 5833 6008 11340 388 4404 5563 11624 12399 3261 7676 1059 5568 7995 4434 7924 3540 6119 13253 7271 8239 4647 12360 775 6019 3693 2917 8324 9960 8683 13137 9197 9892 9281 3445 3919 9494 10128 8539 3481 7829 823 6318 3819 1826 7347 11876 7857 5915 8173 7032 5412 11748 3830 12652 9614 11609 13314 7097 5534 12913 11978 11979 12914 13181 1951 1845 12041 7436 11948 12812 1014 2519 7334 12946 10083 12550 3048 10288 11110 113 7161 6131 8147 10132 4232 4651 4376 10010 10003 2319 12811 11971 7437 1809 6588 1583 8626 10238 10584 6658 2125 5332 139 11566 1823 7139 1802 5864 6266 3366 1539 10784 635 4819 11497 9836 5993 10116 8606 2134 540 3439 6462 9353 5796 2180 4038 12461 10368 3675 7445 3561 12101 5933 5104 5626 4065 7455 9213 6433 8713 5116 7493 4181 7645 6695 8516 7360 9690 7395 1139 717 206 12477 6610 1600 795 6204 4273 1150 5372 11823 7856 11994 7348 11543 6025 736 2561 11601 10080 9242 11251 5953 7123 6051 4381 969 12844 9862 6585 8004 2836 7274 9742 11348 2128 7430 516 8775 3485 7559 11366 10452 3232 13233 10014 1452 2598 521 12331 11239 26 10904 8837 6098 510 4086 682 5996 10372 3929 1128 7693 8935 7855 11878 5373 3594 1903 10100 4974 13304 2642 9271 2502 9720 5262 929 7785 3873 12743 3341 12353 5799 5125 7318 661 7783 931 6792 1437 4756 9067 2877 8263 5890 160 749 4836 3589 42 8403 2047 10958 7918 8181 6770 1497 12587 5755 4132 9335 742 11473 11291 3287 8649 10630 8414 4773 11249 9244 8940 3072 8209 8543 9794 9408 12085 6707 12235 8462 2915 3695 5609 7159 115 1962 11412 3829 11988 5413 1956 548 9531 7246 11242 9946 3808 10814 4178 9466 6418 691 5744 3532 10549 5101 9823 6731 5966 898 7592 5131 4603 4689 6138 8214 7194 5982 12512 5042 3729 7574 6839 9041 9228 1274 2058 8027 4463 6083 4226 6443 4588 13070 3411 9072 2197 1249 2902 13087 6623 8754 13032 8268 10521 11552 13199 1036 9769 10877 3663 8229 2539 6328 7293 8493 8960 11502 6663 4798 620 8620 3990 9362 5426 3983 3269 12404 9694 9298 12710 10566 7614 9105 12299 459 2939 8198 5545 8530 5461 5202 2061 8820 13203 379 2149 2310 6926 5178 11638 9211 7457 5859 1008 9682 11106 9210 11646 5179 5015 6246 1057 7678 11629 1751 1750 11632 7679 4707 7655 12398 12033 5564 13168 12309 10296 12857 2406 8640 11516 3296 833 8681 9962 2714 13313 11984 9615 264 8888 987 7003 6254 10079 11870 2562 1254 12593 6683 6177 2390 7780 8075 12648 12925 4677 8505 5433 3707 13299 827 3120 2895 12481 5791 6241 1448 7518 4176 10816 9995 3199 5943 1435 6794 5379 13285 4790 1822 11936 140 950 7191 9313 1169 8590 1814 1446 6243 9561 1385 6035 13198 11691 10522 5006 10306 13308 10966 11259 430 6024 11874 7349 5956 4361 8710 5213 11429 1407 1341 7549 2165 8829 2018 10446 1091 2513 166 642 4059 7321 785 5636 9489 12058 7481 10508 3295 11616 8641 8020 13030 8756 5288 12580 2995 6294 407 11447 4729 2267 6662 11679 8961 1188 7046 9835 11925 4820 5158 8013 4217 3811 8064 8456 7716 5867 12837 346 8716 12725 6620 2889 7599 8137 9786 1561 3282 4945 10636 11290 11775 743 9731 10034 8923 4015 3936 2788 11223 10212 2379 5404 7938 9529 550 8865 3999 10107 9539 11027 11403 7568 2697 492 4398 4728 11506 408 11190 1278 7450 7039 269 10458 1068 6873 7840 7148 9661 9766 8291 2094 199 1406 11537 5214 12525 7967 1635 12834 8358 6489 7776 13265 1630 1970 6016 11127 12503 9415 3828 11750 1963 7366 2246 12852 888 874 9880 7567 11453 11028 6481 5424 9364 9447 6387 4712 10787 6209 2201 10690 195 2527 6845 3357 4986 3414 1200 10942 9798 9030 6550 6092 7145 6126 5522 7468 11053 8914 5511 10850 7982 8863 552 8349 10451 11847 7560 4551 1850 2936 7810 8647 3289 10173 6631 2174 284 2865 706 12095 12122 5330 2127 11854 9743 3051 8511 13000 11234 13276 387 12037 6009 3098 2324 8467 4977 1595 2424 2462 10633 946 1089 10448 2899 10249 5903 12106 1671 5355 8178 1727 4562 1174 7073 8061 3206 6752 4497 9119 6781 3657 846 5009 8497 3895 2546 4703 10142 4898 9386 5472 5238 591 10421 9909 8833 11169 3608 3286 11774 11474 10637 5089 1949 13183 6250 8876 5619 51 12610 5197 261 3525 12179 2441 4149 4744 10734 5761 1262 393 3567 3350 7564 3505 2852 6858 676 10773 3907 429 11546 10967 6722 1442 8050 2032 1528 5952 11867 9243 11768 4774 1461 12842 971 11083 9945 11742 7247 25 11838 12332 12501 11129 13275 11343 13001 1731 11072 4958 6933 578 4392 6824 9502 10211 11465 2789 7056 3579 229 5877 5831 1848 4553 3001 12807 10136 10045 980 10122 6749 2025 13098 6217 5495 1026 7584 1467 9344 926 13050 12125 790 13179 12916 2856 7476 1277 11445 409 360 12826 4566 4308 1681 12133 3864 7171 1988 2692 2709 11165 6912 12089 4717 503 9904 9621 3607 11294 8834 7863 6911 11177 2710 10998 8388 6142 5109 7100 10269 10126 9496 535 3521 8234 9557 13375 10706 1217 11020 8727 6460 3441 5222 9680 1010 6804 9058 8481 3997 8867 6014 1972 530 13256 8526 7309 13274 11236 12502 11416 6017 777 8893 9535 9359 12783 651 8477 10732 4746 10628 8651 1877 6720 10969 112 11961 10289 2343 9209 11640 9683 7381 746 12970 13023 4124 3313 4390 580 5206 6351 5219 1234 10955 10921 5829 5879 10790 3354 344 12839 9944 11244 972 7441 3117 4005 10319 6615 6467 1294 6676 4957 11231 1732 6456 10574 12681 13248 3549 8938 9246 3377 1431 571 8446 340 10282 2044 4915 4631 8913 11375 7469 2636 752 12067 694 10417 10424 8724 12379 910 9754 2396 7928 3091 2273 4173 1107 4409 9926 7722 10641 9845 8287 6480 11402 11454 9540 3970 12115 2582 12377 8726 11148 1218 7169 3866 8849 10163 9339 10776 10602 9649 4814 4214 4528 8900 3403 7631 7093 3168 1918 7978 1242 8387 11163 2711 9420 9932 4266 6853 7203 1786 5602 12816 3109 2845 3626 2340 5454 4983 3408 998 7167 1220 8297 12329 523 1763 4742 4151 12109 3770 111 11112 6721 11258 11547 13309 8105 3182 10145 8952 10623 7917 11785 2048 10920 11092 1235 13133 12136 6272 5097 1337 11 1116 9309 1181 5650 9797 11384 1201 2105 9233 13140 9981 1308 93 8115 7013 4158 8897 8069 8857 1211 9286 7489 13223 9291 4121 5828 11091 10956 2049 2749 4969 4473 10771 678 1144 4921 7904 2491 6815 5492 7253 7861 8836 11836 27 4302 10462 5059 2701 9544 7881 4437 9188 3126 9826 10193 5476 2471 6567 3988 8622 960 12282 8617 841 589 5240 4109 1567 3662 11687 9770 5409 3021 891 16 7085 12976 12289 1853 13216 5794 9355 4253 12366 1413 6048 3328 10500 5293 1055 6248 13185 1991 6537 5836 7981 11372 5512 5700 8676 3241 649 12785 5151 1697 7054 2791 8575 221 5486 9485 2076 8679 835 10709 5662 7118 2952 7668 1095 12564 7659 12685 2966 10207 12644 1510 1781 12128 9994 11576 4177 11739 3809 4219 12751 10659 5676 5731 7044 1190 9989 6070 109 3772 306 1265 2358 1005 12278 8950 10147 150 1153 3468 3353 11088 5880 6208 11395 4713 634 11928 1540 12861 10185 3452 10712 4570 10601 11013 9340 3906 11262 677 10915 4474 8212 6140 8390 481 7913 10533 13335 4164 5000 6642 9579 5785 2871 10088 7037 7452 12215 5273 7067 3138 666 8487 3805 5911 2330 12630 8547 7266 8206 76 1565 4111 3740 7634 5760 11273 4745 11118 8478 10726 1327 9805 1326 10730 8479 9060 3529 7624 9251 176 13004 4663 658 4062 2886 13090 4569 10779 3453 5661 10832 836 1216 11150 13376 10037 10408 10514 12677 3903 923 9052 9607 13077 3004 6195 5670 13172 194 11392 2202 10673 9472 12954 5812 1930 12890 4343 8321 2482 3838 9886 7220 7341 2784 9471 10688 2203 2217 2384 3962 3418 1770 69 9750 5969 13317 1063 10326 5675 10810 12752 9014 6526 6180 4794 7078 8870 9700 2979 8537 10130 8149 4961 4162 13337 4980 9844 11032 7723 13259 5088 11289 11475 4946 945 11331 2463 8413 11771 8650 11116 4747 8932 5064 7916 10960 8953 8431 4008 10605 10267 7102 6359 3159 2800 8600 894 913 367 10364 9704 5938 10266 10619 4009 9648 11012 10777 4571 3516 6039 2706 3911 5874 9444 1915 2159 6326 2541 4807 527 12495 5429 6657 11941 10239 10221 2767 4782 13147 12980 5989 12446 12680 11069 6457 9008 13281 9192 7666 2954 7613 11665 12711 13362 3718 3617 5974 4639 6406 237 507 4874 7950 6726 3667 7899 6473 5100 11732 3533 6275 5376 1524 6108 5144 4685 5555 8558 6747 10124 10271 2394 9756 13334 10764 7914 5066 9875 2116 6524 9016 464 2188 5906 5005 11551 11692 8269 7850 9871 13096 2027 12676 10702 10409 6982 7595 2624 3294 11518 7482 8629 4313 1586 5119 7060 5292 10859 3329 4827 7753 9318 2666 292 6760 1899 5783 9581 7602 7641 10260 1798 901 5030 2932 2054 3133 12131 1683 295 7460 12340 5392 9427 7008 6702 9100 10315 12439 712 4918 1625 9687 1367 5058 10901 4303 3225 1067 11440 270 4593 8410 8910 3231 11846 11367 8350 2898 11328 1090 11530 2019 5572 12921 1721 5184 7307 8528 5547 10413 3176 8471 13213 12741 3875 9657 6262 2552 5714 2813 5769 8723 11046 10418 9908 11297 592 9907 10423 11047 695 2558 3175 10437 5548 8781 6981 10513 10703 10038 1030 4258 12518 3680 2731 4845 799 10388 3306 7260 130 7049 5640 103 12996 12929 3324 3305 10399 800 1872 7088 6532 3102 6077 8827 2167 575 303 2686 7187 12602 4490 3928 11829 5997 3653 3674 11911 12462 861 9703 10609 368 6347 7971 2507 12491 12509 5040 12514 4621 10154 12316 3057 9667 1320 10252 6653 9716 5154 8881 7499 7175 9110 6422 4453 4931 1306 9983 3621 4002 830 1418 3094 3637 2035 4871 6101 5674 10661 1064 3029 3715 6299 258 6614 11078 4006 8433 12438 10470 9101 5683 3318 5226 4440 1616 5173 13307 11549 5007 848 726 12112 1299 6393 6951 8572 12856 11620 12310 1114 13 8603 5452 2342 11109 11962 3049 9745 255 7371 2043 11058 341 6848 2998 7305 5186 8981 8655 8579 564 2393 10537 10125 11158 7101 10618 10606 5939 2301 9377 12553 1797 10487 7642 3492 5050 4192 2487 3556 6652 10349 1321 5902 11326 2900 1251 3389 4860 6313 2631 12716 7155 10220 10583 11942 8627 7484 13062 3746 8361 5949 12867 4357 9590 174 9253 844 3659 8121 7021 2766 10582 10240 7156 5580 3396 9762 7409 6287 2378 11464 11224 9503 8129 12643 10822 2967 2945 4911 80 12556 7065 5275 2418 3237 8485 668 21 5475 10892 9827 7714 8458 5479 7866 3959 3451 10781 12862 3385 1807 7439 974 12984 5644 9568 5319 2066 6630 11358 3290 371 6080 12427 7892 12336 7217 8334 9338 11015 8850 5315 4927 4207 602 9077 2921 12315 10354 4622 8748 4470 2928 1536 149 10795 8951 10962 3183 4897 11303 4704 2535 12733 4613 10044 11212 12808 4937 4231 11956 8148 10648 8538 12003 9495 11157 10270 10538 6748 11209 981 1350 5706 5450 8605 11922 5994 684 9397 1711 978 10047 274 9538 11456 4000 3623 49 5621 8786 4973 11819 1904 8437 5407 9772 2089 1608 4733 2022 3209 13011 7036 10756 2872 1864 1766 12549 11965 12947 9241 11869 11602 6255 10056 2992 2983 6122 449 3599 3796 586 9256 2282 8992 6414 9035 7697 3069 8156 4107 5242 3597 451 2991 10077 6256 7332 2521 2882 8555 3756 3787 273 10110 979 11211 10137 4614 4817 637 1574 1029 10407 10704 13377 8922 11470 9732 9813 2113 5818 9912 2590 2294 13038 6535 1993 8396 9975 4536 4248 7789 5654 7315 7114 1451 11843 13234 5775 10002 11952 4377 9644 6516 9333 4134 2318 11951 10011 5776 12071 13290 8773 518 3198 11575 10817 12129 3135 8522 6069 10805 1191 7960 7800 3164 3620 10337 1307 10937 13141 4480 2375 5751 4535 10022 8397 2399 12384 310
-----
6284 16127
-----
1 8064 5376 4032 6451 2688 2304 2016 1792 11289 14661 1344 13646 1152 7526 1008 2846 896 4244 13708 768 15394 11920 672 7741 6823 5973 576 10566 3763 11445 504 4887 1423 10137 448 6538 2122 15300 6854 14947 384 7876 7697 13260 5960 13382 336 2633 11934 11700 11475 2130 11050 9383 288 12166 5283 15307 9945 14012 13786 256 252 9180 10507 13720 8775 9349 13132 1590 224 13476 3269 7956 1061 9006 7650 8778 3427 1991 15537 14184 192 7020 3938 3522 11912 15221 6630 8861 2980 3815 6691 10525 168 5154 9380 1629 5967 7824 5850 15031 13801 3379 1065 3768 5525 3255 12755 7555 144 7564 6083 2384 10705 5100 15717 9622 13036 4265 7006 10358 6893 7999 128 8127 126 8001 4590 3447 13317 5214 6860 4420 12451 15303 12738 5337 6566 15212 795 8571 112 8564 6738 11629 9698 1840 3978 15593 8594 3900 4503 2289 3825 2568 4389 710 9777 15526 9059 4848 15832 13879 7092 5601 96 10974 3510 9431 1969 12305 1761 14929 5956 10478 15674 1892 3315 891 12494 15422 1490 4533 9971 4657 11409 5461 13326 1942 84 9108 2577 3060 4690 5976 8878 14101 11047 9949 3912 8421 2925 15891 15579 8492 14964 3318 9753 3898 8596 530 1884 8026 10826 1635 9691 4492 14441 2700 11841 14536 72 2652 3782 4831 11105 10141 1192 3002 13416 15158 2550 15578 15922 2926 4811 11741 6518 15324 10196 11415 3503 3752 5179 1567 11510 4728 12063 15870 64 6948 12127 2340 63 15876 12064 934 2295 1174 9787 4415 14722 426 2607 15825 3430 12410 2210 6427 14289 13705 15715 5102 6369 9781 10732 12023 3283 14807 7606 4046 8461 8884 12349 6743 56 3962 4282 1718 3369 6715 13878 15963 4849 543 920 3398 1989 3429 15860 2608 4297 15704 1950 5936 10315 10386 9208 12186 9976 15045 1284 6502 10258 10887 355 8291 12952 1256 7763 15428 12593 1836 2424 1085 7916 13431 15003 877 3546 7894 10864 2744 48 13495 5487 7897 1755 9837 12779 2680 9048 11546 14216 6646 8944 9057 15528 1700 2978 8863 5239 318 7837 8583 946 9793 9721 13804 8509 12173 6247 9146 7711 1538 745 14204 10330 4912 13049 3848 10392 8042 13768 8256 10794 5787 6663 2709 971 1179 42 8252 4554 2667 9352 2446 1530 9239 2345 1149 2988 4981 4439 1828 15114 1738 13587 4263 13038 4602 1956 6849 12274 10857 9526 9621 16009 5101 15853 13706 4246 12513 7482 1779 1659 8968 12940 2375 1949 15822 4298 1404 265 13521 942 2857 4013 6361 5413 8976 8881 13606 12909 14208 2246 9037 15284 9252 1350 12523 13984 9495 7268 5989 36 9590 1326 4291 1891 15949 10479 8223 13616 1588 13134 1300 596 6052 1501 9718 6708 763 7579 518 1275 1960 7789 856 7961 716 1463 2105 10469 10988 13934 8013 3259 2984 7662 10551 5098 10707 13771 6623 9815 1616 1876 2759 10653 10108 8847 10002 5755 2531 2364 9534 14095 1867 7935 4681 32 11241 3474 3658 14127 13022 1170 4229 8095 13895 7938 9457 6032 8547 467 14853 9211 4705 587 9189 12957 10352 10271 12057 7361 7530 213 14244 9367 8593 15976 3979 1715 11382 6205 10502 1105 15501 11277 297 15208 651 14916 8491 15921 15892 2551 9044 11248 1254 12954 1511 5366 4343 14075 5568 9705 6928 15467 13950 3803 11189 2023 7196 12294 11082 4442 11834 14238 6023 11435 10153 28 5562 1981 3036 2141 6634 859 6058 9748 1020 11421 522 6939 14183 16045 1992 10488 1251 8335 14826 460 10076 1699 15777 9058 15966 9778 8692 7930 853 1304 6217 10212 2807 7852 4751 975 3157 2968 5297 13221 11004 5193 1954 4604 13582 6093 9086 4988 11276 15586 1106 642 12717 3251 6185 5129 6675 13507 14527 8241 15089 12209 10928 6476 15020 628 3411 11945 8051 7714 8400 14360 8722 918 545 1212 12299 8606 13591 3958 6873 14779 13949 15565 6929 8502 900 1773 10719 3947 10977 5432 10221 1372 4206 24 8387 14811 884 10807 5598 12012 5344 8941 6986 12982 10224 14453 6286 1340 8756 4524 5126 5773 5858 7108 11752 3323 13969 4472 12263 12592 15804 7764 4026 850 8832 1489 15944 12495 12637 10683 11737 159 6351 11982 6107 12355 8165 473 14665 12960 13413 12924 6755 6902 5108 12318 11389 14150 14308 11187 3805 4573 14693 11919 16105 769 12002 8436 12976 7102 11326 5165 5898 2456 2062 14588 368 1924 1576 5196 5146 4021 12820 6884 5290 4128 6344 5397 7222 10957 2316 11395 3645 9418 465 8549 780 8653 2418 21 734 4126 5292 2277 6238 9397 10134 4676 5687 1223 7577 765 7475 12683 5767 9236 3739 8638 11168 1494 12223 10554 10296 10283 6040 914 142 7557 3622 869 9325 14857 5275 10195 15886 6519 9556 2301 14888 978 10346 11488 11792 6137 7518 13492 4195 4763 10600 12874 9944 16068 5284 10614 12737 15990 12452 6853 16088 2123 12567 14320 8636 3741 10590 8953 7571 8893 14759 4484 4075 6470 9262 9251 15687 9038 11871 7911 5217 2149 12100 702 7296 8196 605 14824 8337 471 8167 9492 582 10070 12999 11244 9736 10770 2461 4488 12072 12504 798 6803 4777 14518 11324 7104 12662 1123 331 12582 7614 7642 2398 4626 1315 675 5321 14325 10818 6992 1161 12811 181 3634 10041 11058 13280 18 11884 4795 7624 663 14355 10209 1143 9009 6629 16038 11913 13303 6245 12175 2797 6808 10086 794 15986 6567 7404 650 15583 298 12730 3026 6325 8814 4132 4859 3462 3354 8836 8445 14568 11853 4062 259 13833 8701 10344 980 5015 11958 2605 428 13271 12044 7543 358 6335 8795 13442 9116 3629 13298 7192 5494 13290 6967 13515 12070 4490 9693 4531 1492 11170 3831 5047 13339 8322 2549 15894 13417 382 14949 7674 11375 612 12971 1238 808 5782 938 11113 9443 4446 13390 7646 5054 4477 12487 6653 5001 10057 10941 5668 9329 9271 1182 3041 4767 8007 15111 8136 8997 4695 12031 11666 10404 8600 16 13282 13684 9874 1737 15729 1829 8135 15127 8008 6511 6378 585 4707 10178 3279 12111 9629 15011 9359 3969 6269 12792 1486 3016 3700 12337 14600 8297 12208 15490 8242 12669 7591 10416 14086 8357 3889 12658 3019 14542 13206 5176 1381 13199 11318 14092 4005 11744 11443 3765 8330 8170 76 7122 6114 12747 106 12360 7799 7988 3681 10053 2861 8921 8567 5691 8056 11166 8640 5251 14737 8616 1283 15814 9977 13702 327 8212 9332 7604 14809 8389 7657 7458 3069 12309 13800 16024 5851 7946 14190 9339 11264 4522 8758 5624 540 627 15486 6477 2254 8819 12440 2683 7013 10235 9358 15101 9630 2784 12034 12916 3352 3464 876 15797 13432 6975 2218 9965 14670 13658 2752 9075 10163 3598 7417 6147 1929 5541 3653 2221 9908 5917 903 7119 8479 11075 14257 13781 393 13140 2480 14 8602 2781 13502 9054 6133 1518 6679 9134 889 3317 15919 8493 6257 3029 6191 4874 3104 510 11899 13774 13831 261 6341 11533 7673 15155 383 16086 6855 996 13087 5244 7036 8689 6372 12231 14418 7413 5985 230 13126 5038 8799 8913 5955 15952 1762 4529 9695 7983 1421 4889 12741 4346 9580 3965 1534 8490 15581 652 3829 11172 2283 5106 6904 9467 5702 3926 3619 10439 778 8551 13652 9642 3207 1484 12794 10712 7153 14674 7076 5502 13215 10660 3155 977 15320 2302 2690 6791 6552 11110 4171 4543 2496 2494 4545 5638 593 7793 4878 553 3174 321 8365 14422 4099 9689 1637 11156 11543 10628 4615 11401 4735 14817 5274 15327 9326 12184 9210 15608 468 14168 2892 5464 5838 3238 4507 7510 1081 314 9626 9769 6328 14036 10009 12089 3073 3857 7496 4200 9863 7180 9997 4361 2992 459 15532 8336 15273 606 9911 14213 10994 4303 5273 14859 4736 1979 5564 11500 883 15453 8388 15038 7605 15846 3284 11528 3084 4251 6536 450 11837 8950 9550 13423 4786 10037 7017 13552 3165 2716 7189 13174 9840 686 7372 2103 1465 12 2482 12257 13948 15469 6874 442 3605 13467 6806 2799 14187 6006 14689 2672 10692 12534 13295 3493 8803 6491 2741 5112 4483 15290 8894 3143 5905 670 11922 4378 13922 2262 5809 2563 12373 10950 1051 2929 7393 3554 8407 5876 5802 9725 8615 15048 5252 2236 8926 14195 5630 6296 3671 7902 2513 3882 10924 2013 11828 425 15863 4416 6029 8808 9065 7972 1783 14311 5661 14382 7260 13405 3972 13932 10990 8143 1203 11239 34 5991 11453 11117 4238 14241 8103 12146 14414 8300 11918 15396 4574 6480 2671 14770 6007 6462 10576 11441 11746 3451 13694 2554 5606 6159 3517 13758 2623 7075 14895 7154 3569 13657 14998 9966 12612 10350 12959 15410 474 14023 1343 16116 11290 8448 5544 6001 8661 4218 11671 6488 6418 3551 14380 5663 8745 10646 12882 2949 12919 1228 3334 1031 13112 7294 704 184 11595 962 4958 788 3905 2598 3178 2573 12964 10074 462 6410 5998 3442 10362 2645 14586 2064 6936 3172 555 10762 1844 3611 3747 13542 9993 1158 9449 13761 6595 9886 10176 4709 12817 8296 15092 12338 13680 390 6889 12390 12161 1209 7638 8074 8415 367 15383 2063 14620 2646 6386 9202 8528 3119 11905 12762 10380 5067 2849 2338 12129 10907 8888 8675 4951 11852 15196 8446 11292 11801 6944 14405 3009 10947 247 4618 3063 9933 14464 4319 13974 5584 14202 747 10932 14175 10193 5277 4019 5148 10697 13205 15079 3020 2510 457 2994 71 15904 11842 4748 1811 8109 8498 6574 12726 8240 15492 13508 10701 12968 13161 6702 7943 7356 11323 15255 4778 3794 9214 5379 7444 6311 489 14252 5173 2560 5744 12824 5896 5167 11132 6818 3759 5075 6746 99 10161 9077 10445 3575 5300 217 6437 1261 4972 11896 8034 8206 2642 9953 5307 9137 14432 10673 7995 8841 6226 11790 11490 13766 8044 13077 9125 12341 14347 418 7160 8748 4318 14556 9934 11255 5295 2970 12540 10484 11849 12199 12510 6285 15443 10225 2242 1856 10101 9000 3235 5478 4631 7685 12689 2699 15907 4493 4519 4650 13999 9289 12019 13717 10672 14481 9138 11727 6050 598 351 13150 3648 11430 4098 14869 8366 3694 7412 14938 12232 12206 8299 14696 12147 536 4746 11844 291 12759 5035 3008 14563 6945 5622 8760 4868 9030 5385 14047 9294 1854 2244 14210 6036 7780 6252 1012 399 2541 11465 10810 10452 7587 7259 14713 5662 14650 3552 7395 6331 9422 8625 5391 8229 340 6291 4571 3807 4740 3821 174 1199 11599 2313 4998 8721 15479 8401 4932 10724 10208 15226 664 5409 3289 3496 2768 8644 417 14469 12342 8154 1411 1817 4942 13084 11362 5529 3101 6640 14110 9 4839 5942 5184 10461 5259 3812 2268 8395 10817 15241 5322 13168 12437 8635 15297 12568 8273 11378 1594 8019 7045 14020 5660 14715 1784 11186 15400 14151 7448 9462 13420 3404 8280 5043 11687 397 1014 7993 10675 11347 12335 3702 3533 325 13704 15855 6428 149 12150 6365 5364 1513 12517 11226 3414 4407 6934 2066 3668 10493 6832 1731 13884 1677 6027 4418 6862 12286 6456 7284 9903 13990 3995 2031 501 8193 13780 14980 11076 12414 8903 5172 14510 490 13369 10571 2489 5979 11120 9366 15596 214 8102 14699 4239 6022 15555 11835 452 179 12813 11231 14059 12461 3222 6721 2225 4558 4352 9878 6983 6649 10218 3596 10165 2747 13939 6645 15781 11547 10993 14821 9912 6035 14394 2245 15690 12910 13726 10329 15758 746 14552 5585 13700 9979 1137 10587 5629 14733 8927 4161 13435 9338 15028 7947 6005 14772 2800 191 16044 15538 6940 3837 8283 13751 422 306 10192 14549 10933 619 11524 404 9279 2891 14851 469 8339 13620 2440 12785 9906 2223 6723 6695 172 3823 2291 2527 10814 10302 7447 14307 15401 11390 1312 10564 578 13092 13061 13534 3591 2834 8238 12728 300 12699 81 591 5640 9584 3573 10447 4272 12067 13021 15619 3659 4068 8768 12562 4078 10411 3407 14079 5571 5833 6616 5202 1402 4300 13822 8 14336 6641 13547 6842 6687 4937 566 8932 11046 15928 8879 8978 10905 12131 1866 15627 9535 4004 15073 11319 7157 3189 4010 8356 15084 10417 13080 5089 8375 9703 5570 14119 3408 12878 5567 15569 4344 12743 7471 10048 10686 11198 11733 6396 13670 743 1540 1508 9192 1850 12460 14232 11232 7300 9508 12212 12704 6104 5728 7745 12928 4121 9293 14398 5386 11859 10421 5208 10032 7043 8021 12242 8160 10008 14839 6329 7397 9573 5019 7271 5268 6603 5117 2588 7507 8754 1342 14663 475 5659 14313 7046 2944 10066 13033 5872 13242 13785 16066 9946 2133 4165 2854 4085 9588 38 828 3561 9957 3057 9288 14437 4651 53 5078 6180 2117 11963 9155 3994 14263 9904 12787 13090 580 9494 15683 12524 13473 12347 8886 10909 848 4028 10264 5583 14554 4320 7723 10689 4471 15432 3324 4308 7112 8705 13003 7907 8246 13052 12272 6851 12454 8227 5393 4106 2412 4666 9172 3802 15564 15468 14780 12258 10145 11892 9131 3729 6067 9598 6644 14218 2748 6900 6757 8012 15649 10989 14709 3973 12009 7095 10744 12733 6294 5632 9297 2261 14752 4379 12678 2812 3716 270 9701 8377 6821 7743 5730 11302 9151 1127 6163 12473 1140 6220 1966 9405 1899 11570 4946 13181 6063 4679 7937 15614 8096 4815 10874 1392 7202 6017 7282 6458 5901 1676 14272 1732 1918 438 7091 15962 15833 6716 8325 11551 9649 1109 7309 13046 9096 7335 7139 6829 2204 1376 10319 12601 12866 13145 12314 1799 7733 11772 7783 11137 4853 9028 4870 10834 772 9890 3800 9174 12196 4954 1215 11022 3543 8515 2870 11623 155 12303 1971 13601 8700 15192 260 14954 13775 8260 6166 6570 806 1240 13438 7 14112 4301 10996 9454 3136 6751 2903 4527 1764 11130 5169 759 4733 11403 7455 4567 10617 8508 15766 9722 3378 16023 15032 12310 9438 11192 12647 9578 4348 11159 3329 2437 13277 1552 3999 255 16065 14013 13243 6887 392 14979 14258 8194 7298 11234 8259 13830 14955 11900 6622 15641 10708 8255 15751 8043 14474 11491 13595 498 6594 14607 9450 2622 14677 3518 6142 12408 3432 3186 421 14179 8284 7209 7389 11770 7735 11056 10043 115 5423 6563 6013 2519 3220 12463 6583 12520 2662 11041 4828 7976 8484 881 11502 10328 14206 12911 7134 12055 10273 8774 16060 10508 10671 14434 12020 2173 11462 4790 8561 10046 7473 767 16107 4245 15714 15854 14290 326 15043 9978 14200 5586 7861 9205 9042 2553 14682 3452 4550 12797 2336 2851 2506 1963 3343 9873 15117 13283 6774 389 14598 12339 9127 6826 8909 4821 10118 9667 10228 742 14066 6397 9103 5356 865 11640 7137 7337 5247 3538 9165 2751 14997 14671 3570 5330 4454 9641 14902 8552 4564 7660 2986 1151 16114 1345 3871 11459 6957 3276 4189 5555 1879 10149 7251 10335 13630 1248 11583 1247 13634 10336 3530 2819 12142 8360 2603 11960 13275 2439 14165 8340 13106 1587 15671 8224 1399 12246 7387 7211 6734 10113 2388 12908 15692 8882 8463 5578 8699 13835 1972 5314 5229 10371 497 13764 11492 10431 3957 15472 8607 2637 4262 15727 1739 4663 11339 6092 15506 4605 9409 7804 968 234 550 7084 2432 1446 10522 2732 9820 2919 10953 1619 10384 10317 1378 3755 2779 8604 12301 157 11739 4813 8098 12948 1498 3164 14793 7018 194 13068 6841 14108 6642 9600 4333 9992 14611 3748 11009 2100 8621 12995 8577 3590 14143 13062 6196 10244 12221 1496 12950 8293 4024 7766 2503 4168 941 15700 266 303 11831 13019 12069 15170 6968 5497 11514 10215 7703 10700 14526 15493 6676 2368 1451 9053 14972 2782 9632 5750 11330 8505 5486 15790 49 4194 15313 7519 2538 11866 8091 7923 7920 1642 6175 5764 1506 1542 9742 10189 5814 3268 16054 225 12346 13982 12525 4475 5056 4775 6805 14775 3606 2393 5087 13082 4944 11572 387 6776 2997 9646 1437 1358 5436 11658 10472 6587 9428 4920 3347 343 7080 3686 1112 9115 15178 8796 9675 6 13824 1241 9337 14192 4162 6974 15002 15798 7917 3437 1685 221 4287 9866 4785 14797 9551 3403 14304 9463 381 15157 15895 3003 12923 15408 12961 1336 8939 5346 11815 6267 3971 14711 7261 9810 6581 12465 12833 11309 9402 9434 5604 2556 6308 10305 8149 7645 15143 4447 3362 9635 1365 11016 5262 335 16080 5961 1908 2189 9228 6961 2468 1131 7053 10968 11485 9345 10570 14250 491 5475 5841 8589 9619 9528 9927 11760 12630 1777 7484 12267 8823 2938 9247 2901 6753 12926 7747 12371 2565 7524 1154 2626 6496 1118 4094 4463 8321 15161 5048 2815 11724 3148 4856 9899 4339 3951 911 9320 1354 1941 15937 5462 2894 9070 4611 5914 609 8276 5213 15995 3448 2208 12412 11078 2790 4404 12423 12596 2500 3986 7569 8955 6244 15219 11914 10894 13172 7191 15175 3630 3492 14766 12535 1986 7890 6966 15172 5495 6970 12135 12863 8665 6773 13683 15118 17 15232 11059 1551 13790 2438 13622 11961 2119 12043 15184 429 12115 7773 6073 1071 7207 8286 4150 4430 5959 16082 7698 7611 2287 4505 3240 10132 9399 5256 7385 12248 11067 4907 3231 7820 5288 6886 13784 14014 5873 4413 9789 9099 6847 1958 1277 10664 2803 7058 11143 2917 9822 12283 6879 2774 9375 2311 11601 11003 15511 5298 3577 6514 9848 10659 14892 5503 7499 4437 4983 2897 6306 2558 5175 15078 14543 10698 7705 204 237 11317 15075 1382 8735 11164 8058 3585 5645 13006 4224 7303 2772 6881 11064 8313 12394 9080 2109 6062 13899 4947 3244 1482 3209 12777 9839 14789 7190 13300 10895 5612 12436 14323 5323 6868 6441 6232 9538 6701 14523 12969 614 10831 1667 3588 8579 8728 6556 9416 3647 14426 352 7265 92 12313 13861 12867 481 8466 2479 14977 394 11147 10016 11765 1299 15669 1589 16057 9350 2669 6482 3006 5037 14934 231 2712 3205 9644 2999 11091 1721 1565 5181 3776 9386 12771 7293 14640 1032 12428 3468 1047 1586 13618 8341 7442 5381 3396 922 9803 9869 1166 9937 5890 6771 8667 13060 14145 579 13987 12788 5243 14944 997 11361 14341 4943 13463 5088 14084 10418 9124 14472 8045 4148 8288 7546 7401 6169 2126 6840 13549 195 11438 11508 1569 6195 13533 14144 13093 8668 1093 3819 4742 4037 1291 12271 13961 8247 3847 15755 4913 9095 13871 7310 4598 1323 11877 3193 12841 4601 15725 4264 16007 9623 5871 14016 10067 6381 12987 5190 6609 10597 1789 9488 11252 1169 15618 14128 12068 13517 11832 4444 9445 12401 3300 10539 8268 5926 8123 7598 1546 4223 13192 5646 7906 13964 8706 3472 11243 15266 10071 9568 8576 13537 8622 8187 6672 2309 9377 9595 5189 13030 6382 7232 1370 10223 15445 6987 4402 2792 11272 7101 15390 8437 5836 5466 1237 15151 613 13160 14524 10702 9566 10073 14628 2574 1335 13412 15409 14666 10351 15603 9190 1510 15573 1255 15807 8292 13528 1497 13555 8099 5303 7952 5401 5921 12694 2374 15707 8969 2038 12118 6282 4249 3086 3287 5411 6363 12152 4120 14050 7746 13351 6754 15407 13414 3004 6484 1227 14644 2950 3351 15007 12035 11705 3678 7133 13725 14207 15691 13607 2389 3665 1897 9407 4607 8061 10753 10080 3722 4480 11219 2880 8308 10610 7126 1680 10650 10288 1280 11621 2872 5996 6412 11179 2948 14646 10647 11498 5566 14077 3409 630 9943 15309 10601 109 3373 5818 8113 480 13144 13862 12602 8664 13286 12136 9851 10312 2650 74 8172 7144 11282 7928 8694 9169 2486 11939 5948 1023 4017 5279 4103 280 1321 4600 13040 3194 10717 1775 12632 7326 7216 11308 13400 12466 12061 4730 12484 3725 3113 5589 5895 14506 5745 11062 6883 15376 4022 8295 14602 4710 12626 11230 14234 180 15237 1162 209 6375 3580 5162 4374 694 2159 11820 7278 6127 4967 2335 13691 4551 10711 14898 1485 15097 6270 5867 5242 13089 13988 9905 14163 2441 6255 8495 11206 2679 15785 9838 13176 3210 1121 12664 928 7292 13114 9387 4500 11033 9681 11679 2739 6493 10379 14579 11906 5034 14408 292 9413 7554 16017 3256 10310 9853 10323 6404 2325 105 15063 6115 12708 7470 14073 4345 14922 4890 5336 15989 15304 10615 4569 6293 13927 10745 3025 15206 299 14139 8239 14529 6575 2706 1824 7848 5715 2007 2049 3250 15498 643 4183 4900 1847 11721 3706 11969 7469 12745 6116 4040 6103 14054 12213 7708 7348 80 14137 301 268 3718 2373 12942 5922 8202 8209 2698 14443 7686 10581 10128 1504 5766 15345 7476 11536 131 2811 13920 4380 1444 2434 11578 4515 4397 10756 7590 15087 8243 4647 11267 927 12774 1122 15252 7105 3698 3018 15081 3890 7420 3126 4885 506 12470 8263 7602 9334 9577 13796 11193 5405 5672 5226 5678 11857 5388 11693 10682 15420 12496 2831 1362 7325 12837 1776 13360 11761 11942 11229 12815 4711 244 12376 7256 10759 11786 12178 5152 170 6697 11209 9342 10349 14668 9967 1449 2370 9986 9974 12188 87 4216 8663 12865 13863 10320 9220 5790 2499 13309 12424 1835 15803 15429 12264 10879 2466 6963 5362 6367 5104 2285 7613 15249 332 8234 10768 9738 9708 1476 1748 8733 1384 7721 4322 7227 8272 14319 15298 2124 6171 6468 4077 14123 8769 4806 8972 1455 2471 10798 6542 1995 5681 1633 10828 2908 9614 9751 3320 10966 7055 11518 8068 2933 10483 14459 2971 7549 2592 1985 13294 14767 10693 5908 1906 5963 1134 8711 12261 4474 13472 13983 15684 1351 2661 13735 6584 11225 14282 1514 12381 7481 15712 4247 6284 14455 12200 1221 5689 8569 797 15259 12073 11954 11586 5887 7010 951 2830 12636 15421 15945 892 6087 5593 7609 7700 6652 15139 4478 3724 12829 4731 761 6710 2976 1702 4698 4140 7677 10585 1139 13907 6164 8262 12652 507 2001 12060 12832 13401 6582 13737 3221 14231 14060 1851 5635 9830 1397 8226 13958 6852 15302 15991 4421 3214 8995 8138 1069 6075 9734 11246 9046 2682 15016 8820 8634 14322 13169 5613 7760 1707 8716 10267 9021 3467 13110 1033 3791 1834 12595 13310 4405 3416 4159 8929 3835 6942 11803 8902 14255 11077 13314 2209 15858 3431 13755 6143 6046 3228 11648 3642 3299 13015 9446 6995 2184 10061 10443 9079 13185 8314 6766 12160 14595 6890 785 7490 832 5538 10500 6207 7480 12515 1515 2586 5119 7255 12623 245 10949 14748 2564 13349 7748 9308 1626 11053 8473 5560 30 4683 1058 7798 15061 107 10603 4051 8164 15413 6108 10183 10945 3011 6742 15841 8885 13981 13474 226 11297 8153 14346 14470 9126 13679 14599 15093 3701 14294 11348 1611 6914 11424 12194 9176 6236 2279 6954 2176 564 4939 729 11555 1758 11388 15403 5109 10867 1798 13860 13146 93 9437 13799 15033 3070 11386 1760 15954 1970 13837 156 13560 8605 15474 1213 4956 964 11081 15559 7197 3709 9186 1946 7845 11086 6455 14267 6863 6878 13228 9823 7879 3077 373 5736 7276 11822 10856 15721 6850 13960 13053 1292 8632 8822 13357 7485 10878 12591 15430 4473 12527 8712 10144 13947 14781 2483 4669 6400 7514 11703 12037 8311 11066 13250 7386 13613 1400 5204 8159 14039 8022 3983 7769 1045 3470 8708 9982 10083 12205 14417 14939 6373 211 7532 153 11625 5096 10553 15338 1495 13530 10245 8373 5091 5762 6177 202 7707 12703 14055 9509 10927 15489 15090 8298 14416 12233 10084 6810 10424 1220 12509 14456 11850 4953 13846 9175 12330 11425 5459 11411 9106 86 12606 9975 15816 9209 14855 9327 5670 5407 666 5151 12619 11787 2796 15217 6246 15764 8510 5695 2535 656 9255 5282 16070 289 11846 6546 1208 14594 12391 6767 1028 9859 2721 1417 2196 4119 12930 6364 14286 150 535 14413 14697 8104 3887 8359 13626 2820 8559 4792 10657 9850 12862 13287 6971 2136 1865 14097 10906 14574 2339 15873 6949 9893 6591 2034 1055 4384 9611 6281 12937 2039 7772 13269 430 9767 9628 15103 3280 10849 1581 10980 750 3308 7833 2601 8362 701 15278 2150 5864 6911 10750 4 9677 7168 6203 11384 3072 14837 10010 3421 10025 11407 4659 10532 8520 283 7667 4466 5142 5523 3770 7964 11953 12503 15260 4489 15169 13516 13020 14129 4273 933 15869 15877 4729 12831 12467 2002 7360 15600 10272 13723 7135 11642 839 9658 3564 2005 5717 4178 7777 7542 15183 13272 2120 6540 10800 10608 8310 12251 11704 12915 15008 2785 11665 15123 4696 1704 1259 6439 6870 10847 3282 15848 10733 2172 13716 14435 9290 11799 11294 5024 7344 5343 15449 5599 7094 13930 3974 3198 2078 6835 4330 8435 15392 770 10836 754 9784 4596 7312 925 11269 6230 6443 7116 9500 5616 11428 3650 8451 4754 5726 6106 15415 6352 8081 3052 7840 2864 11698 11936 10574 6464 8178 10124 7468 12710 3707 7199 1934 2693 9154 13993 2118 13274 13623 2604 15187 5016 1245 11585 12502 12074 7965 6121 10409 4080 8351 5004 8050 15483 3412 11228 12628 11762 5947 12850 2487 10573 11975 11699 16077 2634 815 11365 11589 10622 8630 1294 6265 11817 9017 4377 14754 671 16104 15395 14694 8301 10279 10893 13302 15220 16039 3523 7465 1472 4457 5033 12761 14580 3120 2936 8825 6621 13773 14956 511 8033 14488 4973 5970 9130 13945 10146 5009 1427 1887 10106 10655 4794 15230 19 2420 414 3615 9844 3192 13042 1324 9592 5157 4644 7910 15282 9039 10389 8853 8090 13489 2539 401 3090 121 9122 10420 14045 5387 12641 5679 1997 4061 15195 14569 4952 12198 14457 10485 6545 12164 290 14410 4747 14535 15905 2701 6262 8949 14800 451 14237 15556 4443 13018 13518 304 424 14724 2014 2306 5132 1308 10855 12276 7277 12802 2160 9016 11925 6266 13408 5347 10299 8398 7716 7378 1662 1572 2154 8405 3556 8901 12416 6943 14565 11293 12017 9291 4123 7693 6526 2583 6136 15316 11489 14476 6227 2795 12177 12620 10760 557 2053 3385 1206 6548 2333 4969 4586 11568 1901 6250 7782 13857 7734 13747 7390 4965 6129 1298 13136 10017 5946 11941 12629 13361 9928 11369 11097 10375 4799 10964 3322 15434 7109 4204 1374 2206 3450 14684 11442 15071 4006 6517 15888 4812 13558 158 15418 10684 10050 6395 14068 11199 11611 3455 5372 6049 14430 9139 3147 13336 2816 3705 12712 1848 9194 11617 7376 7718 10253 2887 6339 263 1406 10099 1858 9266 135 3677 12914 12036 12252 7515 11474 16076 11935 11976 2865 10169 5651 10681 12639 5389 8627 2915 11145 396 14300 5044 570 4294 3110 6683 983 2738 12766 9682 9013 7424 5785 10796 2473 6487 14654 4219 11095 11371 10403 15122 12032 2786 7807 8459 4048 10986 10471 13453 5437 2157 696 3865 3601 2656 11072 987 3641 12404 3229 4909 11014 1367 838 12053 7136 13665 866 4056 959 6435 219 1687 11609 11201 7981 9697 15980 6739 3358 5095 12226 154 13839 2871 12888 1281 8618 7375 11718 9195 6523 9827 4548 3454 11731 11200 11633 1688 11478 4862 1102 7370 688 11002 13223 2312 14364 1200 6433 961 14636 185 6157 5608 8963 10621 11930 11366 5886 12501 11955 1246 13632 1249 10490 6299 4514 12674 2435 3331 5417 7874 386 13461 4945 13901 1900 11776 4587 8532 6098 7574 2477 8468 8671 2320 5511 3392 9835 1757 12321 730 1435 9648 13875 8326 8141 10992 14215 15782 9049 10627 14864 11157 4350 4560 7596 8125 130 12681 7477 7672 14951 6342 4130 8816 3083 14805 3285 3088 403 14172 620 2546 6719 3224 8067 12544 7056 2805 10214 13512 5498 1265 4727 15879 1568 13065 11439 10578 9515 10249 10327 13728 882 14813 5565 12880 10648 1682 8443 8838 10430 13594 13765 14475 11791 15317 10347 9344 13372 10969 4254 8218 7883 3460 4861 11607 1689 2129 16075 11701 7516 6139 6155 187 4719 4043 5596 10809 14387 2542 4789 13714 2174 6956 13643 3872 9728 7026 9282 11116 14702 5992 776 10441 10063 2230 8191 503 16096 3764 15070 11745 14685 10577 11507 13066 196 10152 15553 6024 7129 1003 4097 14424 3649 11988 5617 5458 12193 12331 6915 521 15541 1021 5950 1524 3311 3502 15884 10197 5354 9105 12191 5460 15939 4658 12085 10026 7237 7454 13809 4734 14861 4616 249 4065 3297 3644 15367 2317 4725 1267 1311 14149 15402 12319 1759 12307 3071 12091 6204 15590 1716 4284 1593 14317 8274 611 15153 7675 4142 10402 11668 11096 11758 9929 5885 11588 11931 816 5528 14340 13085 998 8121 5928 10775 6321 11345 10677 11070 2658 9323 871 1610 12334 14295 10676 11355 6322 6260 2703 1331 6091 13584 4664 2414 7567 3988 5471 4242 898 8504 13498 5751 4372 5164 15388 7103 15254 14519 7357 3567 7156 14091 15074 13200 238 4387 2570 8030 2234 5254 9401 13399 12834 7217 2452 6010 5340 9150 13911 5731 5085 2395 8152 12344 227 5023 12016 11800 14566 8447 14660 16117 1793 10186 8898 7857 10203 7927 12855 7145 7067 163 296 15585 15502 4989 2273 7100 12978 2793 6229 11994 926 12666 4648 4521 15026 9340 11211 7341 7366 1726 7098 2275 5294 14462 9935 1168 13024 9489 8333 1253 15575 9045 12443 9735 15265 13000 3473 15622 33 14705 1204 3387 10792 8258 13777 7299 14058 14233 12814 12627 11943 3413 14281 12518 6585 10474 5448 5059 2879 12897 4481 5114 5796 371 3079 7033 7340 11262 9341 12615 6698 2678 12781 8496 8111 5820 7980 11632 11610 11732 14069 10687 7725 1769 5404 12646 13797 9439 2022 15562 3804 15399 14309 1785 3044 2665 4556 2227 2947 12884 6413 7451 1557 4276 3930 2282 14913 3830 15164 1493 15340 8639 15051 8057 13196 8736 4359 9999 3328 13793 4349 11542 14865 1638 4232 10158 8305 10841 5515 9003 10015 13138 395 11689 2916 13231 7059 6815 7040 624 4852 13855 7784 8687 7038 6817 14503 5168 13813 1765 7407 9473 990 6071 7775 4180 8078 9365 14246 5980 4237 14701 11454 9283 9442 15146 939 4170 14883 6553 2095 8857 10140 15899 4832 4112 8784 8763 10407 6123 10374 11757 11370 11669 4220 3367 1720 13120 3000 1194 7329 6454 12288 7846 1826 4441 15558 12295 965 2789 13313 12413 14256 14981 8480 986 11651 2657 11353 10678 4906 13249 12249 8312 13187 6882 12822 5746 1550 13279 15233 10042 13745 7736 8472 12367 1627 9382 16073 2131 9948 15927 14102 8933 10635 10395 4827 13733 2663 3046 2044 7753 3909 10366 9680 12768 4501 3902 5575 484 5421 117 411 275 9759 3542 13843 1216 9224 723 3810 5261 13385 1366 11645 4910 10332 9523 2099 13540 3749 8873 6607 5192 15510 13222 11602 689 10355 9941 632 9453 13820 4302 14820 14214 11548 8142 14708 13933 15650 10470 11660 4049 10605 6474 10930 749 12107 1582 5431 15460 3948 3509 15958 97 6748 6534 4253 11484 13373 7054 12546 3321 11754 4800 740 10230 1623 4996 2315 15369 7223 1874 1618 13568 2920 1050 14747 12374 246 14561 3010 12352 10184 1795 5667 15135 10058 6531 3139 3098 9519 5122 618 14174 14550 748 10982 6475 15488 12210 9510 2012 14726 3883 7969 9315 5705 2084 6096 8534 5713 7850 2809 133 9268 8215 847 13979 8887 14573 12130 14098 8979 7585 10454 3484 10450 10812 2529 5757 5611 13171 13301 11915 10280 5350 9808 7263 354 15810 10259 3338 3039 1184 9092 8789 2465 12590 12265 7486 1078 1391 13892 4816 6727 2875 8743 5665 1797 12316 5110 2743 15793 7895 5489 8088 8855 2097 9525 15720 12275 11823 1309 1269 801 5933 1580 12109 3281 12025 6871 3960 58 821 5514 11151 8306 2882 9242 753 12000 771 13851 4871 1666 13158 615 2907 12551 1634 15911 8027 3181 8176 6466 6173 1644 6991 15240 14326 8396 10301 14154 2528 10899 10451 14386 11466 5597 15451 885 1803 2960 9260 6472 10607 12040 6541 12556 2472 11674 5786 15749 8257 11236 3388 139 9562 10116 4823 6978 8782 4114 679 7187 2718 4313 5829 5846 5236 6320 11357 5929 4714 7023 2460 15263 9737 12579 8235 9163 3540 9761 1843 14615 556 11785 12621 7257 7589 12671 4398 10079 12901 8062 3 12096 6912 1613 8684 3024 12732 13928 7096 1728 2081 4269 3487 4435 7501 1753 7899 2171 12022 15849 9782 756 8906 7142 8174 3183 10207 14357 4933 3482 10456 3946 15462 1774 12839 3195 9765 432 7152 14897 12795 4552 8254 13770 15642 5099 16011 2385 9565 12967 14525 13509 7704 13204 14544 5149 668 5907 12533 14768 2673 4470 13971 7724 11197 14070 10049 11736 15419 12638 11694 5652 4905 11069 11354 11346 14296 7994 14480 14433 13718 10509 4701 3935 4717 189 2802 13234 1278 10290 3154 14891 13216 9849 12138 4793 11886 10107 15635 2760 10287 12891 1681 11497 12881 14647 8746 7162 5508 7621 2631 338 8231 5265 8040 10394 11044 8934 954 2838 9158 2614 4614 14863 11544 9050 1234 2913 8629 11929 11590 8964 5484 8507 13806 4568 12736 15305 5285 4977 7125 12894 8309 12039 10801 6473 10984 4050 12358 108 12873 15310 4764 1788 13027 6610 5880 7756 6315 9548 8952 15294 3742 5628 14197 1138 12475 7678 1469 10127 12687 7687 9514 11506 11440 14686 6463 11974 11937 2488 14249 13370 9346 7653 3762 16098 577 14147 1313 4628 3248 2051 559 6423 2047 2009 10295 15337 12224 5097 15644 7663 2524 7429 9471 7409 5862 2152 1574 1926 2428 8267 13013 3301 10233 7015 10039 3636 8519 12083 4660 5319 677 4116 9034 167 16032 6692 2731 13572 1447 9969 4535 7165 10369 5231 2957 3692 8368 6626 4138 4700 10670 13719 16061 9181 1724 7368 1104 15588 6206 12384 5539 1931 1395 9832 2202 6831 14275 3669 6298 11581 1250 15535 1993 6544 11848 14458 12541 2934 3122 8222 15673 15950 5957 4432 5447 11223 6586 13452 11659 10987 15651 2106 1815 1413 1746 1478 7383 5258 14331 5185 993 6799 3945 10721 3483 10902 7586 14385 10811 10900 3485 4271 14131 3574 14495 9078 12396 10062 11450 777 14905 3620 7559 1074 8072 7640 7616 3956 13593 11493 8839 7997 6895 6659 1219 12202 6811 5207 14044 11860 9123 13079 14085 15085 7592 5211 8278 3406 14121 4079 11950 6122 11100 8764 8599 15121 11667 11372 4143 10022 2075 8383 2215 4826 11043 10636 8041 15753 3849 8852 11869 9040 9207 15818 10316 13566 1620 3304 5066 14578 12763 6494 2628 4798 11756 11098 6124 496 13597 5230 10517 7166 9679 11035 3910 9951 2644 14622 3443 783 6892 16004 7007 9940 11000 690 10270 15602 12958 14667 12613 9343 11487 15318 979 15190 8702 4452 5332 379 9465 6906 3529 13629 13635 7252 9522 11012 4911 15757 14205 13727 11503 10250 1387 6403 12751 9854 9219 12600 13864 1377 13565 10385 15819 5937 2649 12860 9852 12753 3257 8015 4924 8148 13393 6309 7446 14153 10815 8397 11813 5348 10282 15336 10555 2010 9512 7689 3153 10662 1279 12890 10651 2761 7539 6039 15335 10297 5349 10892 11916 8302 102 1097 8182 8773 13722 12056 15601 10353 691 9020 12431 8717 5582 13976 4029 9217 9856 3337 10886 15811 6503 3093 2112 2886 11715 7719 1386 10326 11504 9516 5532 8372 12220 13531 6197 4760 4540 3627 9118 6189 3031 9357 15013 7014 10537 3302 1622 10961 741 13672 9668 2241 14452 15444 12983 1371 15458 5433 3595 14222 6650 7702 13511 11515 2806 15519 6218 1142 15225 14356 10725 3184 3434 7926 11284 7858 3116 8005 4769 5353 11414 15885 15325 5276 14548 14176 307 5813 13479 9743 8897 11287 1794 10944 12353 6109 4364 4187 3278 15105 4708 14604 9887 6732 7213 1197 176 5650 11696 2866 46 2746 14220 3597 14994 9076 14497 100 8304 11153 4233 6998 9303 27 15552 11436 197 7250 13637 1880 5008 11891 13946 12259 8713 1191 15898 11106 8858 447 16092 1424 4675 15352 9398 13254 3241 9716 1503 12686 10582 1470 7467 11971 8179 1939 1356 1439 9666 13674 4822 10788 9563 2387 13609 6735 8924 2238 8846 15634 10654 11887 1888 573 4693 8999 14449 1857 11710 1407 7320 6669 516 7581 6214 1916 1734 8348 8587 5843 793 15214 6809 12204 12234 9983 3721 12900 10754 4399 1698 15530 461 14627 12965 9567 12998 15267 583 6380 13032 14017 2945 2229 11449 10442 12397 2185 6530 10940 15136 5002 8353 2860 15057 3682 6394 11735 10685 14071 7472 13711 8562 114 13744 11057 15234 3635 10535 7016 14795 4787 2544 622 7042 14042 5209 7594 4562 8554 7236 11406 12086 3422 2074 10400 4144 713 3773 5945 11764 13137 11148 9004 1063 3381 3420 12088 14838 14037 8161 4176 5719 5028 5754 15632 8848 3327 11161 4360 14830 7181 7072 1157 14610 13543 4334 812 8610 4655 9973 12608 2371 3720 10082 12235 8709 1136 14199 13701 15044 15815 12187 12607 9987 4656 15941 4534 10520 1448 12611 14669 14999 2219 3655 7866 2299 9558 8725 3056 14002 3562 9660 5306 14484 2643 10364 3911 15926 11048 2132 14011 16067 15308 12875 631 10999 10356 7008 5889 13097 1167 11254 14463 14557 3064 2595 5884 11368 11759 13362 9529 8958 4035 4744 538 5626 3744 8648 8457 7809 7317 7064 8545 6034 14212 14822 607 5916 14986 2222 14162 12786 13989 14264 7285 1650 4338 13333 4857 4134 9685 2963 6590 12125 6950 3799 13849 773 6731 10175 14605 6596 7171 2823 909 3953 364 6982 14225 4353 8346 1736 15116 13685 3344 7633 1165 13099 9804 4784 13425 4288 7179 14832 4201 4311 2720 12157 1029 3336 10261 9218 10322 12752 10311 12861 12137 10658 13217 6515 4008 3191 11879 3616
-----
2267 13399
-----
1 6700 8933 3350 2680 11166 11485 1675 7444 1340 12181 5583 10307 12442 9826 7537 8670 3722 9873 670 12761 12790 4078 9491 536 11853 11414 6221 12937 4913 9509 10468 12993 4335 2297 1861 7967 11636 7902 335 11765 13080 11841 6395 12208 2039 9978 11445 5469 268 2890 12626 4045 5707 5116 9810 3291 13168 11128 9156 7029 11454 8720 5234 7421 13196 200 8867 10292 7848 6039 7630 5690 10683 4645 5818 13225 3951 8650 6867 8271 12582 8556 6540 1734 12620 13245 9897 10388 6104 9129 7719 7636 4989 10014 12422 11327 9434 4331 134 398 1445 10407 6313 5232 8722 6136 9553 5040 2558 7122 4905 8656 8345 8855 6584 2634 5564 6981 4578 9634 10214 8388 5727 2787 4360 13188 2617 3947 10410 4705 6598 9067 100 13002 11133 6455 5146 4627 3924 3326 9719 937 3815 7947 2845 1823 12041 10971 9022 3017 2909 9896 13312 12621 8675 10668 4325 10281 10133 6325 10835 6494 6291 10638 4278 10992 3270 6977 867 1097 6310 3950 13322 5819 11648 12642 5194 4641 3052 2665 11264 2343 10559 6953 3818 11751 9194 7373 5007 5542 6211 2777 12363 6940 4717 8910 8865 202 67 4533 199 13333 7422 2353 11903 7897 9856 6988 2616 13272 4361 2013 3068 5048 11476 9015 2520 6363 1279 3759 3561 10575 9152 10481 4328 11156 10872 8016 11127 13341 3292 4428 1317 10035 2782 11816 10190 12502 2289 4559 4817 2757 5107 11813 4194 9005 9563 2852 8093 11584 2180 4025 6594 578 8008 1147 8673 12623 5205 4415 9052 4789 3299 809 11233 7929 50 10510 6501 3461 12266 3043 9927 3703 2573 9626 9013 11478 1962 2861 1663 12168 11559 3338 7168 5509 8607 510 10673 8242 8122 9329 7611 10265 12720 5910 12185 12682 4511 7434 8208 4599 8154 12125 4948 7376 6656 3469 13010 12882 11037 5137 5334 1744 8862 7566 11840 13357 11766 10978 9862 6098 12117 4164 3247 1680 9845 9082 5319 4129 2139 2374 5496 40 1635 9264 10188 11818 7133 8173 7248 10352 3155 7418 1975 3900 6661 9291 9609 878 5824 11615 6321 11927 2597 2327 9020 10973 1526 11803 8032 12144 5632 1138 7871 5732 11979 2796 10176 2492 1909 10166 12575 929 4597 8210 10386 9899 9203 4396 2771 2239 9805 2645 8088 5782 12881 13089 3470 9698 9058 10501 4455 1730 11132 13264 101 11955 6733 6215 8966 8977 6799 4334 13366 10469 3711 3145 7876 6618 12651 5418 10648 4391 4928 10475 3494 10425 1308 7893 6636 5575 8880 11066 7706 12489 1534 9245 2524 1057 5738 12842 11207 2649 1260 11498 9881 702 7339 5074 8579 9588 8480 10117 11987 3657 4576 6983 11940 7160 2164 5472 5578 12545 5436 11288 4008 7765 12263 4912 13370 6222 1646 4207 2214 3443 7358 5771 11717 3556 1391 8385 5908 12722 5095 3427 6251 7217 7844 6797 8979 11041 9108 7625 8078 9272 9253 6631 12606 5567 2097 761 11202 3546 11481 4691 1426 7062 10746 3664 5792 9350 1090 8119 8712 6792 3297 4791 289 2727 4004 4832 7273 7441 11036 13088 13011 5783 9302 7201 8907 5252 4526 6406 9094 12382 8349 1925 7104 4214 12316 905 10664 3907 25 1547 5255 11460 9950 1808 8430 9821 6133 1008 8221 10729 11663 781 8551 7733 7986 5064 4813 6784 11206 12966 5739 7095 981 3917 8130 6759 7531 4411 6084 6924 12479 730 1669 9621 3584 10780 9454 1771 11003 6804 255 5392 12036 10793 4121 4022 4061 11246 11364 6437 10505 8963 11832 2970 6360 12450 2955 4076 12792 9000 6341 11095 8955 3255 3717 1511 4104 12646 8999 12803 4077 13377 12762 5921 2474 10011 3688 9717 3328 7427 8434 5996 6505 11565 6441 1484 12218 5917 9268 11262 2667 2045 872 1720 4431 4424 3783 10677 5920 12789 13378 671 5883 12751 5489 11982 4931 6149 3049 5488 12758 5884 2082 3005 8323 4822 840 941 11622 2121 4541 6730 9359 973 8764 1253 7769 7173 1187 5223 2748 3525 20 639 7517 6590 4632 7960 5094 12924 5909 13103 10266 8185 10786 7906 3624 1291 5176 2672 8277 7526 3709 10471 7687 4447 1950 6285 10030 9362 11345 1476 11504 3517 439 6061 2912 3345 12507 1971 9860 10980 12663 8405 7998 996 7863 5547 4510 13100 12186 11200 763 5315 12601 5986 4016 6949 6072 1327 2816 919 569 11731 10635 11242 2866 8404 12689 10981 1398 10498 5088 7468 1246 3751 7654 4874 5083 5417 12987 6619 7164 5067 8998 12794 4105 5963 5193 13222 11649 5808 11301 493 2198 720 8085 4659 7819 856 11602 11796 8022 9315 4044 13347 2891 5204 13140 8674 13244 13313 1735 549 4849 5938 4529 10173 11950 2009 8927 10529 865 6979 5566 12909 6632 4736 6750 5985 12677 5316 10066 2643 9807 10262 4483 1265 11188 12436 10099 265 2167 4593 6683 5620 11934 12018 8555 13317 8272 9947 3938 3770 3309 928 13025 10167 2709 11714 5324 6352 8895 7675 2464 10568 11937 7558 1747 3826 11912 8576 654 12459 10646 5420 3318 6755 9487 10947 4440 4056 5533 10250 3853 5435 12944 5579 767 1798 11322 11496 1262 10769 7228 10123 2869 790 6421 170 12303 9313 8024 11353 630 11680 5749 11883 11640 3789 351 7576 10369 2403 2537 1305 10989 7888 4794 5559 4240 1884 11758 1970 12693 3346 8528 3608 2288 13160 10191 1714 5970 4967 3580 2478 1082 533 2736 4358 2789 1533 12972 7707 2718 3214 5644 8508 2004 12157 10582 729 12831 6925 2456 5618 6685 9430 3111 10089 823 375 8803 10866 1107 4294 8421 5030 3679 143 9585 10645 12558 655 1778 9250 7395 9514 10892 7032 2954 12806 6361 2522 9247 7522 8413 6468 9825 13385 10308 12407 3922 4629 10098 12592 11189 5915 12220 11182 4554 6499 10512 3367 4039 661 4636 1388 11326 13303 10015 9471 6303 560 9483 9228 7748 1782 7080 11960 5601 11001 1773 3921 12440 10309 9045 5400 713 5537 3531 9724 5373 2048 1832 6960 2896 8946 4675 7265 545 5179 10759 3088 4356 2738 3396 10706 8348 12872 9095 2380 6844 10315 8063 11657 2002 8510 2416 12003 10336 7917 10420 3353 5518 10273 6544 6939 13205 2778 9591 3598 4651 1300 10300 11138 11153 9437 2626 3097 2263 11879 3203 2690 4547 4759 6191 8014 10874 431 7662 8338 3552 4319 2107 3605 6158 8442 7152 4684 5332 5139 8653 5242 6712 3971 7473 9049 9327 8124 5730 7873 4975 10920 904 12867 4215 1803 11610 4265 9766 4048 504 5281 10810 1373 12064 9312 12531 171 7090 1524 10975 6377 10566 2466 3993 11471 2532 932 9106 11043 3392 10999 5603 5297 6483 2115 9569 5362 10247 7855 7190 8343 8658 11311 4065 4776 10079 6646 10465 11061 8905 7203 3042 13127 3462 4911 12939 7766 365 5529 7534 4756 11510 10398 1792 4283 5390 257 4727 9679 7585 11420 12201 3986 3402 5348 6827 11106 2696 3896 6018 10860 12096 8203 8760 8925 2011 4363 8730 11141 5623 4268 5682 7699 9918 2007 11952 2994 11181 12433 5916 12775 1485 4825 3180 5043 6225 666 8177 4564 2038 13354 6396 11894 4500 7860 9870 3985 12247 11421 11177 6058 8327 6538 8558 11631 7455 8237 2052 11925 6323 10135 11199 12681 13101 5911 8738 5582 13388 1341 6381 7956 9660 9181 1237 10402 11705 9981 1844 10161 11558 13116 1664 2206 10413 1801 4217 1224 2998 1806 9952 10581 12482 2005 9920 5930 742 9649 6109 11468 9658 7958 4634 663 5631 13036 8033 3475 7722 10749 436 1902 860 2631 8915 805 2212 4209 8591 10791 12038 5134 2960 4947 13094 8155 6689 6348 7035 220 9641 4163 13075 6099 9444 5589 5991 7548 9165 5686 9774 685 8224 9285 2744 10564 6379 1343 2942 8747 1041 3100 8202 12237 10861 883 2411 2973 420 5507 7170 8299 5811 2092 7760 11677 8970 234 3365 10514 11379 6664 7186 10624 4382 10881 7326 727 10584 3196 10286 3312 7293 4272 9311 12305 1374 4620 8462 5954 10 1219 7019 1297 10458 2102 3295 6794 2316 10896 3980 4225 2547 6853 6462 3372 9654 10970 13251 1824 5133 12129 10792 12819 5393 8648 3953 7812 1812 2026 7345 8229 2588 1093 1336 8780 10838 11521 3763 3187 8554 12584 11935 10570 10543 4605 8923 8762 975 2074 9842 472 5015 1943 4681 10335 12372 2417 738 2902 5752 5614 8458 3801 6919 3252 9730 6390 1456 10917 8372 3656 12953 10118 7685 10473 4930 12756 5490 2795 13031 5733 10902 9755 3999 8707 498 6338 10631 6301 9473 10075 2255 1468 6550 11821 6093 6872 5600 12412 7081 4082 9357 6732 13000 102 2993 12223 2008 12613 10174 2798 3036 5035 7363 7008 1408 2483 7159 12949 6984 7557 12565 10569 12017 12585 5621 11143 1433 6850 4202 2596 13044 6322 12190 2053 699 1896 5249 4720 2544 9762 3734 6957 623 1182 8575 12561 3827 6704 2437 6030 9241 10931 9408 7896 13193 2354 10009 2476 3582 9623 9233 10154 4499 12206 6397 3023 8752 7583 9681 603 9296 9281 6611 11639 12524 5750 2904 3202 12350 2264 6946 6308 1099 2425 360 1597 10742 5293 9029 2433 10609 909 428 4155 5801 7070 5898 6077 4011 11660 11357 2883 2022 11413 13373 537 8145 8875 2602 8829 6570 2295 4337 7936 6622 6394 13356 13081 7567 5339 6974 11333 9124 6387 2969 12809 8964 6217 11786 5595 5975 11048 7704 11068 11163 6092 11964 6551 7132 13060 10189 13162 2783 4193 13154 5108 3316 5422 2368 8287 3375 5871 9692 8031 13038 1527 2658 4768 5033 3038 8021 12630 11603 10235 5131 1826 8941 8136 7332 4982 5594 11829 6218 9259 11749 3820 6832 10941 7783 4943 8996 5069 10041 11552 2810 8886 5967 7740 6009 6375 10977 13079 13358 336 4136 3405 11673 9524 1969 12509 1885 8775 8354 7176 464 9193 13212 3819 11783 9260 8054 7044 5857 11545 2662 5903 3176 1688 11147 10019 10537 282 1232 11194 5284 10634 12668 570 3779 4322 7573 1786 1913 8 5956 2365 4288 10151 327 3555 12929 5772 5323 12572 2710 10222 1659 2253 10077 4778 11443 9980 12173 10403 2220 7343 2028 8817 9466 2308 5125 3454 8626 9674 9417 9176 6472 10945 9489 4080 7083 3207 899 7430 5661 7117 5748 12526 631 8969 12084 7761 3614 9523 11761 3406 8134 8943 395 2268 9910 6858 85 780 12851 10730 11356 11858 4012 2001 12376 8064 315 4538 5840 836 9574 5807 12641 13223 5820 7139 8594 8215 6875 3569 3788 12523 11884 6612 7901 13361 7968 2323 7352 7454 12194 8559 3944 575 2397 990 9479 7745 2120 12743 942 4150 5879 5650 985 6320 13046 5825 1673 11487 4264 12313 1804 3000 1144 9117 6580 10234 11795 12631 857 2078 2985 1235 9183 1085 1790 10400 1239 3448 541 4970 6966 5586 1368 11374 2179 13148 8094 8532 7466 5090 6486 8734 10553 147 1359 8267 1607 4459 2822 4249 4254 11350 1002 6440 12778 6506 5291 10744 7064 3337 13115 12169 10162 3417 1228 3239 2809 11774 10042 2145 4715 6942 8255 2661 11744 5858 7111 6465 6887 10379 11101 36 5433 3855 7253 4713 2147 2964 10910 4961 2515 9539 8539 6746 6771 10905 11492 3762 12022 10839 6279 3754 7027 9158 889 1642 4625 5148 10397 12257 4757 4549 5446 9506 3516 12699 1477 8151 6403 5941 9880 12962 1261 12540 11323 3559 3761 11523 10906 372 3234 4263 11612 1674 13392 11167 5154 4690 12903 3547 1961 13120 9014 13183 5049 529 6296 2531 12294 3994 9657 12150 6110 5989 5591 6516 2277 3936 9949 12860 5256 10762 8383 1393 8719 13337 7030 10894 2318 8951 694 7115 5663 5468 13351 9979 11707 4779 11435 10540 9851 1920 280 10539 11441 4780 4614 4237 3874 1640 891 707 3540 8163 5980 346 9500 11176 12200 12248 7586 11309 8660 9257 6220 13372 11854 2023 11222 4884 2700 9987 7056 2306 9468 2391 8465 3858 4862 7286 9386 1741 1024 4890 916 1243 3480 1175 1448 787 4473 1166 9037 213 10332 7155 6972 5341 9289 6663 12079 10515 1544 1987 2178 11586 1369 6055 1698 4583 5353 4308 4174 3849 6436 12813 11247 8834 1190 46 3422 2882 11857 11661 10731 629 12528 8025 1001 11568 4255 5161 1208 1475 12701 9363 5168 10813 10658 10373 5210 5357 8376 5105 2759 9123 11836 6975 3272 2707 10169 9433 13302 12423 1389 3558 11495 12541 1799 10415 9025 7514 650 10395 5150 2095 5569 4064 12276 8659 11418 7587 1313 5640 8248 2085 7831 492 12639 5809 8301 2940 1345 10105 8973 9618 9079 1062 9795 10953 4007 12942 5437 8307 6915 1115 3831 10823 4169 5653 1776 657 8859 7561 7753 4893 8502 3660 3079 4695 4221 6929 3576 7268 2342 13217 2666 12772 9269 332 11026 9813 2621 2551 3356 1849 8685 1866 10436 4882 11224 8833 11363 12814 4062 5571 2865 12666 10636 6293 9187 3342 5460 6238 452 7928 13133 810 8807 10928 7601 5999 5805 9576 8832 11249 4883 11411 2024 1814 252 9375 9340 8992 5405 10339 7386 9239 6032 8545 4656 2648 12965 12843 6785 5500 3545 12905 762 12680 12187 10136 9888 10808 5283 11734 1233 2987 8696 5914 12435 12593 1266 9191 466 9957 4553 12432 12221 2995 1696 6057 12199 11422 9501 7383 9348 5794 9941 10183 7757 5153 11484 13393 2681 6091 11823 11069 10627 383 3595 6272 10871 13172 4329 9436 12355 11139 8732 6488 2388 10018 11739 1689 3323 1432 11932 5622 12230 8731 11152 12356 10301 1048 1521 6454 13263 13003
-----
1762 13103
-----
1 6552 4368 3276 7862 2184 1872 1638 1456 3931 5956 1092 1008 936 11356 819 10020 728 7586 8517 624 2978 5697 546 4193 504 4853 468 2711 5678 11835 6961 6353 5010 2995 364 7791 3793 336 10810 9268 312 5485 1489 8153 9400 9200 273 5883 8648 3340 252 5439 8978 9053 234 11264 7907 10438 2839 12029 12469 208 10032 10684 9728 7236 2505 1899 8049 3691 182 359 10447 10133 8448 12082 168 5971 5405 10353 4634 10735 156 2004 9294 9639 7296 5889 10628 144 4700 3945 4600 9379 6688 1621 9493 10853 4324 1946 1670 1781 126 5366 9271 2939 4489 10819 11078 2597 117 7885 5632 3760 10505 112 5219 7047 7971 4115 12566 7457 12786 11321 104 7738 5016 6196 5342 8702 4864 10443 3618 11453 7804 1339 7501 1414 10576 11802 8397 2474 91 8404 6731 1961 11775 10201 11618 3471 4224 5481 6041 2367 84 11100 9537 1813 9254 12045 11728 9566 2317 11753 11919 1020 78 7133 1002 12490 4647 3787 11371 599 3648 7847 9496 12737 5314 9411 72 12745 2350 9420 8524 8058 2300 4437 11241 6380 3344 3123 7362 7929 11298 2594 11978 8033 2162 2412 973 4131 835 12336 7442 633 63 3072 2683 621 11187 5598 8021 1097 8796 11050 11961 8855 5539 10850 7850 5582 6610 12113 10494 12064 2816 4978 1880 8395 11804 4049 56 1840 9161 6358 10075 4057 10537 9569 8609 3451 6283 11659 10280 7639 6393 7946 12212 9762 52 7665 3869 668 2508 9840 3098 1113 2671 3213 4351 1395 2432 6329 11773 1963 1809 8232 12278 8413 3902 48 7221 12293 10302 5771 707 1315 5288 5922 5901 12640 10750 7494 1237 1324 6597 5214 4202 4908 9917 11985 7532 12570 12439 12353 11652 3462 5809 8271 8287 9384 2112 7647 9292 2006 9572 9329 7735 3834 42 7619 5550 10524 11320 12979 7458 3820 4627 9715 12574 1217 5864 7378 4783 7974 7710 5058 12428 1148 12511 9601 510 9309 39 2294 10118 6996 501 8223 6245 6456 8875 5621 8445 1737 12237 3379 6851 4405 1824 1559 10475 8600 4748 2349 12920 73 2657 12123 11257 10107 36 5313 12924 9497 1175 11221 4710 777 4262 3548 4029 12509 1150 7264 8770 4287 12172 6947 3190 1779 1672 5037 8113 6433 3681 4581 10516 7272 5649 11636 1297 9056 5989 6535 10568 3481 1081 5947 1206 5950 7038 12553 8617 5473 6969 3492 6168 4814 3721 3363 6868 2147 6583 4839 1536 8850 7893 5291 6862 3934 12145 5642 2799 7334 10562 9560 7100 4317 4398 12407 5525 7169 12532 3748 10979 7432 9321 9389 5425 5886 3925 6419 2791 7768 3305 9747 12608 10372 5247 1157 6032 5270 1408 9347 2489 1827 940 739 10749 12820 5902 789 8576 8249 28 10393 920 3700 11132 2881 3179 7117 11589 4972 8580 12255 11820 4631 11336 4015 10856 8186 8277 4843 9693 11924 12381 5871 5140 1701 10371 12653 9748 4271 3973 9243 6106 340 4881 8909 26 8251 10384 11113 8486 3501 334 3795 1254 8531 4920 8218 1549 11557 7108 5630 7887 8903 8158 1403 8727 8935 7249 4550 1216 12781 9716 11351 12438 12808 7533 5829 7456 12981 4116 1726 6139 1211 10758 3137 1951 7405 24 8911 10162 8616 12698 7039 5151 853 9437 3140 6905 7763 7209 12517 2644 2686 2961 5190 9502 1577 6320 1479 5375 7369 3747 12667 7170 10862 662 752 9850 1794 2607 1041 2101 9021 2454 4068 11510 2643 12544 7210 3766 11657 6285 9600 12771 1149 12728 4030 5826 11413 1731 175 9456 10901 10687 804 10695 823 4692 5116 1056 1377 10375 9779 4646 12932 1003 4112 4786 2782 11216 10457 10419 211 1917 4585 21 10126 10361 1024 2775 11249 5262 11421 5660 207 13041 12030 3729 7508 1910 1866 8865 9260 11409 9598 6287 9101 7160 5225 2932 8096 3689 8051 8943 8227 3987 4361 3855 11687 2529 5786 6214 2240 574 12352 12807 12571 11352 9233 255 10596 11206 10623 6571 7671 1147 12773 5059 9445 3498 7719 6802 8389 10663 11127 9674 5509 3228 6027 10989 5458 9362 9576 10774 7166 7420 5524 12670 4399 8241 10085 9977 9888 8754 7996 912 4981 7331 278 11789 9222 4300 6487 2374 9060 7726 5736 6460 5720 6588 5941 7880 5870 12613 11925 12180 6922 11605 3082 18 5518 9208 5718 6462 2592 11300 8254 7139 1849 12162 461 2355 6914 6940 7301 2131 9902 1774 11384 8566 11651 12806 12440 575 3254 3632 8556 4385 12151 8695 2555 6086 7025 10025 9033 1595 8958 7441 12898 836 8298 9070 3280 10608 12069 9768 3094 8392 371 8842 9453 5258 9865 3636 1071 9376 2220 5818 4795 7200 465 4528 6742 9546 4957 9819 10845 5284 8138 8292 4395 7092 5022 9525 2415 603 2409 2975 2744 3519 10301 12828 7222 10860 7172 9288 9775 10036 7185 1746 16 3084 9927 2407 605 8412 12833 8233 7415 3434 9278 7625 10659 9843 10366 8971 204 768 4806 4425 11307 10498 11841 9197 1974 3431 11909 1967 11819 12624 8581 2821 5466 7951 553 3667 2498 5281 8929 4780 4027 3550 4809 8710 1078 2199 3378 12755 1738 9314 1734 10136 8620 6266 1636 1874 5361 12041 3780 3716 3995 11212 1755 11246 8028 9264 4190 2943 1492 8514 6721 9761 12853 7947 4622 3884 5168 8204 1154 11425 8541 6304 3403 5186 2757 9175 9744 7130 7700 3016 3128 2635 5106 704 8123 11225 2549 7796 3115 7465 2709 470 9404 6921 12379 11926 1884 6410 11845 2951 3512 6946 12723 4288 1278 10676 12094 14 1748 11748 11275 460 12365 1850 7809 5566 3508 7992 6932 8141 8091 10110 8694 12346 4386 2486 1276 4290 5641 12679 3935 5910 9258 8867 7606 5668 11107 8559 8645 5428 9141 4093 3576 10690 202 8973 6827 11398 10528 5962 11256 12742 2658 9487 2386 2570 5760 7402 1686 11737 10493 12878 6611 4874 9118 8687 12089 8538 8766 11173 7568 3053 5969 170 614 8992 3103 11006 12010 13 12168 10677 9500 5192 8537 12108 8688 4243 2332 8302 1183 167 13026 8449 2741 627 10329 10817 4491 2460 2152 4109 10002 7326 9767 12330 10609 3554 9186 2815 12876 10495 579 11003 5201 4079 3235 7253 5494 10915 6208 11019 8166 10176 5836 2275 7986 608 11727 12942 9255 4858 3779 12227 5362 6219 11602 6404 10868 10318 9720 9466 783 3728 12468 13042 2840 2058 4392 863 10905 9621 400 7157 4041 5379 2210 8120 5774 7527 3369 10254 7146 12 12096 11007 1771 5081 215 4308 10945 6349 11901 10071 7389 9127 2170 6978 8108 11270 3899 1570 7324 10004 259 10433 3737 10156 7531 12810 9918 1322 1239 1343 3267 8032 12905 2595 11080 4751 11513 7340 6789 3160 7309 7291 7654 9239 1429 10236 5821 8425 8854 12885 11051 3585 11478 5431 674 331 593 376 5840 4925 4898 897 1679 7855 453 7072 2702 7602 6512 11062 6636 1227 6051 2034 1527 5755 9505 7873 5371 6272 2424 3605 368 1883 12179 12380 12614 9694 11816 4800 1019 12937 11754 7126 1424 6364 7097 2015 6546 2913 1966 12258 3432 7417 5528 6639 10513 4728 10070 12002 6350 11895 7155 402 7154 11899 6351 6963 541 2346 11083 2558 8552 528 323 7240 10491 11739 6192 11441 9846 2323 7573 6466 1164 7053 6898 2056 2842 2393 10340 1391 6769 5608 286 11780 1121 11761 6958 6657 1908 7510 9451 8844 11033 6562 1710 5063 1613 11732 9307 512 4573 7939 2950 12176 6411 2631 9196 12262 10499 2830 1533 6655 6960 13072 5679 6015 1567 8416 3829 3754 10616 955 8814 933 2428 10984 11180 4630 12623 12256 1968 4799 11922 9695 9535 11102 8079 3580 1439 9164 10705 1466 394 4048 12871 8396 12962 10577 9513 11023 11125 10665 1985 8545 3023 8732 5617 8479 9221 12395 279 7816 6845 2893 4669 3107 3184 1120 11865 287 6507 6176 10200 12955 1962 12837 6330 5676 2713 11168 10875 6679 6527 5298 137 5603 6957 11863 1122 9837 4267 10387 3249 7125 11918 12938 2318 9081 7825 11274 12165 1749 3872 10411 9121 3401 6306 10746 6191 11883 10492 12115 1687 4837 6585 9306 11851 1614 10240 9565 12941 12046 609 2729 7858 4681 2780 4788 4614 5387 9016 3583 11053 3710 8641 2762 1234 6335 8635 8751 263 10672 4277 11594 1817 11540 11485 4944 523 4377 3805 3998 7832 456 3757 9042 2173 10217 5601 139 2528 12446 3856 4611 5328 2150 2462 9795 5976 1187 6740 4530 2167 3863 1137 2868 6025 3230 11640 2860 5506 3294 4085 9522 1293 3940 6747 2935 10279 12858 6284 12514 3767 6090 5706 3461 12805 12354 8567 1541 11464 9 9173 2759 4212 4604 5982 2859 11670 3231 2397 1296 12710 5650 7662 4127 4721 10121 1957 7476 2514 6081 9448 6782 567 7729 2725 3457 4135 3470 12953 10202 8283 7617 44 4951 10159 887 4590 5692 3313 4283 3081 12377 6923 6403 12038 6220 4481 6839 9516 1627 8460 1816 11705 4278 9114 8744 4971 12627 7118 10899 9458 7829 9066 3043 8072 10064 4534 11564 4150 11068 1167 7349 9658 4479 6222 10272 1265 6449 8263 418 4254 4149 11579 4535 1454 1640 5766 5304 7107 12586 1550 4884 516 1547 8220 4196 3763 6737 6008 4421 10612 11278 353 2629 6413 11484 11703 1818 6765 7087 1271 4688 9203 1110 5780 2909 7372 8949 7346 3600 565 6784 9709 2264 10252 3371 6059 4773 7837 9030 8628 11461 7339 11974 4752 2642 12519 4069 764 4146 1723 8749 8637 3546 4264 2511 2583 11314 1943 7759 4403 6853 11458 7756 4327 8039 1251 1372 2864 8311 4943 11702 11541 6414 97 3611 9139 5430 11958 3586 1506 4644 9781 11439 6194 5018 10415 10144 6836 873 11230 8 11648 1542 7338 11515 8629 7755 11494 6854 2872 4206 7803 12968 3619 10668 6714 10259 10712 1717 4539 4639 4652 10364 9845 11881 6193 11473 9782 5183 6186 11037 11156 102 11323 384 8067 2403 7103 8764 8540 12205 1155 5249 5659 12472 5263 11150 5700 987 1367 8267 1730 12506 5827 7535 9597 12461 9261 6312 9945 10842 3671 7962 493 2733 5709 10527 12127 6828 6824 8385 6540 1249 8041 9192 8590 11016 9153 2390 1656 8565 12356 1775 8847 8956 1597 4355 8986 539 6965 7651 4835 1689 598 12929 3788 869 2968 4657 347 867 3790 5068 10943 4310 3007 3133 5917 818 13088 937 1356 9232 12437 12572 9717 1890 881 1858 8882 8549 7613 5606 6771 7429
-----
1753 4493
-----
1 2247 1498 3370 2696 749 642 1685 1997 1348 817 2621 2765 321 3894 3089 2643 3245 473 674 214 2655 3907 3557 3235 3629 3661 2407 2324 1947 2319 3791 1770 3568 1027 3869 3643 2483 3917 337 3178 107 209 3574 1298 4200 478 4025 3301 3864 881 4061 2628 4077 1062 3450 3153 1162 990 3220 2357 3406 1569 4142 553 885 3353 1784 2800 2760 2468 4181 1908 4068 2576 3488 3326 4205 455 2415 2718 1589 812 2300 4123 2351 3770 1787 3029 649 395 2100 773 239 3689 4259 1158 3897 590 1932 3025 2687 1614 4277 1840 1314 42 4285 2432 531 2712 1725 2664 3823 1680 581 4301 495 2945 1610 2525 3425 2557 1703 647 3031 2901 2071 3065 2523 1612 2689 2635 3923 3428 892 3050 1400 3394 1380 1657 1234 3519 4337 2262 954 2598 2034 4101 1288 1458 1744 3289 1663 2261 4349 3520 2474 876 3454 1200 1359 1709 3041 354 406 2529 1150 2632 4308 1051 3422 2701 1885 1104 3140 330 3761 4242 2571 422 2444 3781 1050 4323 2633 2691 2366 523 4091 494 4376 582 579 1682 4195 3193 295 3477 966 4113 3759 332 3590 4230 807 2431 4385 43 920 362 657 3818 21 1839 4389 1615 1216 636 2512 2277 1356 544 3109 3854 1332 574 4158 3512 840 4104 2537 1157 4397 3690 2494 3147 3719 94 805 4232 3509 906 3959 3356 3525 382 3098 3266 2570 4314 3762 1989 3697 2872 3282 2500 3779 2446 3508 4252 806 4288 3591 4120 3564 4005 4208 618 1714 2089 446 3127 1525 1111 700 2725 1697 3253 690 1503 3075 2953 617 4225 4006 454 4415 3327 1131 386 477 4447 1299 198 1017 3192 4297 1683 644 3881 729 2506 872 1370 3891 3410 3078 538 3377 1907 4421 2469 1760 2111 1237 3104 438 2662 1727 14 600 1085 2926 3705 3101 3806 3767 1352 177 733 203 904 3511 4265 575 40 1316 888 2154 3070 2772 3039 1711 560 3597 1748 3189 1532 552 4429 1570 1451 165 4088 4127 3977 2121 2040 3532 3572 211 3837 1222 3976 4137 4089 525 2350 4408 2301 3563 4228 3592 3211 1183 870 2508 3758 4292 967 247 1396 2188 3361 291 4017 2536 4262 841 1287 4344 2035 3843 91 2394 2603 3985 2376 483 493 4303 524 4126 4138 166 1965 1795 3746 2115 4012 2650 2067 3462 1061 4439 2629 2268 1898 460 1921 181 2050 2575 4419 1909 3546 2257 1173 3166 2627 4441 882 3054 754 608 1388 318 1832 1256 866 3385 2282 678 2403 272 1367 3801 2992 1927 3965 666 486 287 79 2079 1809 1756 2594 420 2573 2052 3542 3515 3749 2825 3300 4445 479 1845 2671 1247 19 3820 2535 4106 292 47 469 2649 4082 2116 400 4001 3826 453 4207 4226 3565 1678 3825 4009 401 191 118 1549 2920 1633 2242 1285 843 2157 661 1881 605 3241 2375 4095 2604 1436 2840 1641 1848 1250 2120 4136 4128 1223 2398 1754 1811 2126 189 403 368 2144 665 4042 1928 2060 110 1782 3355 4249 907 2104 1414 309 1117 857 1661 3291 3136 223 1385 3810 1536 3009 2758 2802 2960 350 65 3609 1441 3095 2307 3873 2781 345 897 2998 2043 3784 2330 3723 1672 2555 3427 4359 2636 2003 3160 227 336 4454 2484 3910 194 2812 116 193 3915 2485 3556 4470 2656 2896 595 99 2562 2755 3061 1596 589 4395 1159 3088 4478 322 3409 4187 1371 2611 505 1253 3738 436 3106 685 728 4192 645 1705 1410 1539 284 269 2780 3935 2308 3200 3642 4457 1028 3481 1512 880 4443 3302 2542 2865 3116 1552 3276 219 1982 1331 4268 3110 3743 7 2809 300 613 2789 125 1463 90 4099 2036 3797 2477 1903 1221 4130 212 676 2284 2335 503 2613 759 2348 527 452 4008 4002 1679 4379 2665 2534 4019 20 4280 658 2210 444 2091 1077 1689 1535 3947 1386 610 3766 4166 3102 1239 280 2991 4045 1368 874 2476 3841 2037 766 3381 276 1769 4461 2320 785 1230 2972 1074 2329 3929 2044 1049 4310 2445 4235 2501 3307 1529 1020 1506 1766 2798 1786 4406 2352 1351 4165 3807 611 302 1988 4241 4315 331 4291 4114 2509 3164 1175 3046 2204 1625 3397 2824 4028 3516 2114 4084 1796 6 3852 3111 2838 1438 435 3886 1254 1834 1879 663 2146 2462 2730 2273 2370 2455 698 1113 1094 1671 3927 2331 2392 93 4255 3148 1268 2313 2131 2532 2667 3492 2890 2915 2172 704 3264 3100 4168 2927 2292 2948 1197 2255 3548 2871 4239 1990 1188 821 2488 1335 2493 4258 4398 240 262 206 2063 3460 2069 2903 83 2194 3229 2139 3144 11 1873 2540 3304 799 2006 939 1325 1868 3280 2874 1731 2027 2777 2406 4466 3630 3561 2303 1134 2582 949 980 230 390 3207 501 2337 1425 1025 3570 3534 2482 4456 3870 3201 1675 1773 2906 3375 540 2833 3018 1583 1649 3560 3660 4467 3236 441 1109 1527 3309 377 1986 304 3124 694 2018 159 1040 916 2980 628 51 433 1440 3939 66 1141 3176 339 2340 3448 1064 136 1444 2930 1747 4147 561 1496 2249 3210 4119 4229 4289 333 983 243 535 2390 2333 2286 3551 3286 2933 3151 3452 878 1514 1297 4449 210 4132 3533 3646 1026 4459 1771 1677 4004 4227 4121 2302 3659 3631 1650 3234 4469 3908 2486 823 3169 3285 3582 2287 2870 3699 2256 4066 1910 838 3514 4030 2053 2230 146 1896 2270 2385 2481 3645 3571 4133 2041 3000 1058 1015 200 381 4247 3357 1913 1055 2473 4336 4350 1235 2113 3748 4029 3543 839 4264 4159 905 4251 4233 2447 3446 2342 3330 59 1274 3021 1742 1460 1594 3063 2073 1121 1799 2889 3712 2668 1644 3325 4417 2577 2976 3187 1750 2549 1511 3867 1029 3434 965 4294 296 1302 2963 718 2988 1420 2521 3067 846 924 35 625 1013 1060 4079 2068 3684 2064 3182 2858 2253 1199 4333 877 3578 3152 4437 1063 3603 2341 3506 2448 711 184 171 1072 2974 2579 971 2021 1492 964 3479 1030 415 55 1044 891 4358 3924 2556 4371 2526 2700 4321 1052 1520 707 2165 2401 680 2805 3173 2675 2951 3077 4186 3892 323 1568 4431 2358 1279 2939 1219 1905 3379 768 2823 3751 1626 1379 4354 1401 1363 1480 2607 175 1354 2279 2281 4051 867 2967 275 3794 767 3400 1906 4183 539 3637 2907 2419 998 2695 4489 1499 2568 3268 2097 1892 2149 1165 290 4108 2189 836 1912 3524 4248 3960 1783 4426 886 1318 1820 3248 1601 1580 1277 2360 1963 168 1862 2227 2794 1242 2618 1955 233 97 597 1406 1339 58 3504 2343 1130 4204 4416 3489 1645 1778 1976 2235 429 1328 738 1448 2863 2544 2176 2296 2937 1281 376 3624 1528 3777 2502 798 3673 2541 3863 4444 4026 2826 1816 1544 792 2239 1038 161 3135 3951 1662 4340 1745 2932 3581 3552 3170 2499 4237 2873 3667 1869 2877 218 3858 1553 1091 2589 655 364 518 2096 3367 2569 4244 3099 3707 705 1522 3016 2835 142 975 2381 316 1390 689 4214 1698 1154 1876 1600 3349 1821 472 4475 2644 514 2374 3987 606 756 2660 440 3628 4468 3558 1651 2854 1271 2138 3679 2195 1558 1344 776 2181 1638 1262 2356 4433 991 1473 2912 1147 2134 1089 1555 1182 4118 3593 2250 500 3651 391 150 3036 2553 1674 3641 3871 2309 3185 2978 918 45 294 4296 4196 1018 1531 4145 1749 3485 2977 3198 2310 2857 3458 2065 2652 106 4452 338 3606 1142 2674 3414 2806 2498 3284 3553 824 2626 4063 1174 3756 2510 638 226 3920 2004 801 2001 2638 3086 1161 4436 3451 3579 2934 1267 3718 4256 2495 10 3677 2140 725 329 4317 1105 2215 222 3950 3292 162 2785 2641 3091 1101 3014 1524 4220 447 693 3620 305 603 1883 2703 2083 2918 1551 3860 2866 1098 140 2837 3742 3853 4269 545 684 3884 437 4176 1238 3805 4167 3706 3265 4245 383 2306 3937 1442 138 1100 3131 2642 4477 3895 1160 3155 2639 2787 615 2955 1486 2388 537 4185 3411 2952 4211 1504 1022 1973 2771 4152 2155 845 3469 2522 4364 2072 3497 1595 3900 2756 3011 1888 510 1654 753 4059 883 555 1399 4356 893 1564 2203 3754 1176 1631 2922 353 4329 1710 4150 2773 2552 3204 151 2750 994 2900 4367 648 4404 1788 2412 2686 4392 1933 2057 1741 3501 1275 1582 3634 2834 3261 1523 3129 1102 1887 3059 2757 3945 1537 1412 2106 2014 2592 1758 2471 1057 3530 2042 3931 898 2245 3 1124 1926 4044 3802 281 1419 3472 719 2728 2464 1718 1943 1011 627 3614 917 3197 3186 3486 2578 3440 1073 3787 1231 1478 1365 274 3383 868 1185 717 3474 1303 349 3942 2803 682 547 1485 3082 616 4210 3076 3412 2676 1196 3702 2293 1609 4374 496 1574 1376 634 1218 3403 1280 3312 2297 1266 3150 3580 3287 1746 3599 1445 2291 3704 4169 1086 63 352 3043 1632 3996 1550 3118 2084 2171 3710 2891 1146 3217 1474 860 2845 2418 3374 3638 1774 82 3682 2070 4366 3032 995 1431 594 3905 2657 2616 1244 1145 2914 3711 3493 1800 2129 2315 2199 1547 120 1969 131 1805 103 217 3278 1870 1730 3666 3281 4238 3698 3549 2288 741 1097 3115 3861 2543 3316 1449 1572 498 2252 3457 3183 2311 1270 3232 1652 512 2646 1824 1003 1169 2716 2417 2909 861 934 1260 1640 3982 1437 3741 3112 141 3260 3017 3635 541 1203 154 2233 1978 1815 3299 4027 3750 3398 769 567 1939 1291 853 2721 927 490 669 115 3913 195 299 3850 8 2497 3172 3415 681 2959 3943 2759 4424 1785 3772 1767 278 1241 3340 2228 2055 1935 124 3847 614 3084 2640 3133 163 1453 344 3934 3874 270 2405 3663 2028 1509 2551 3038 4151 3071 1974 1780 112 1830 320 4480 2622 1618 828 2467 4423 2801 3944 3010 3060 3901 2563 2435 1471 993 3034 152 1205 1562 895 347 1305 1009 1945 2326 2094
-----
