6 5
9 14
8 9
14 8
7 14
2 7
12 6
-----
399297811
-----
4 1
5 12
3 15
16 1
13 3
-----
115182059
-----
4 0
19 0
1 4
5 2
6 11
-----
864779467
-----
92 49
5 5
71 90
17 87
90 28
54 70
37 63
28 61
79 22
59 33
20 80
14 93
0 79
6 73
87 80
84 47
57 21
22 78
11 10
47 65
80 92
4 20
94 79
51 4
82 2
55 31
92 12
10 42
96 19
39 75
41 77
75 37
8 44
62 5
66 85
89 84
61 54
69 67
91 91
78 92
97 1
33 35
7 81
38 13
93 19
88 94
68 23
85 96
40 40
43 9
70 95
19 98
48 22
50 4
26 64
2 44
42 23
46 88
52 5
53 21
86 73
3 52
77 43
83 64
67 0
76 97
98 2
95 70
30 37
1 5
45 64
9 85
18 26
21 45
25 9
27 66
24 29
74 38
64 95
65 5
23 12
36 72
12 15
15 43
56 79
13 76
35 59
16 70
32 16
99 6
44 94
63 18
31 85
-----
750191050
-----
44 83
29 35
58 46
39 19
61 87
86 0
34 4
23 81
59 39
40 88
95 20
27 98
30 33
84 86
14 42
45 89
44 50
46 12
18 48
55 93
78 48
68 11
70 91
4 7
6 62
48 93
81 56
19 95
93 86
3 68
0 36
66 74
71 0
75 28
89 13
37 41
64 54
43 86
74 57
12 57
76 30
24 39
96 21
91 3
51 66
-----
674436485
-----
34 31
70 95
50 65
92 63
57 17
32 14
39 41
21 90
80 14
28 77
0 3
68 1
15 36
41 61
17 79
42 83
46 13
81 42
74 58
87 96
86 65
66 39
61 67
22 0
47 91
44 50
73 26
53 39
37 41
8 46
20 12
14 39
52 86
10 85
2 48
-----
726969345
-----
861 813408626
108223838 553093624
537069999 15806653
79137051 319491678
190621506 879289312
583598637 984476210
879400629 307019809
827965416 273060306
504355457 936557244
14813552 215611566
181784133 525932944
664644910 827661183
251676709 738254080
825049488 657182291
108470117 397337483
526173905 419509143
853699454 142579572
296813919 98019593
849039669 930121862
227774981 400002360
418956270 948390671
181486323 813851921
87644151 213810169
121470753 6689682
319788744 888442474
598862927 982599894
759519182 948440260
16684293 443145201
468105411 216799363
817735489 934262117
95319709 367894655
952393026 877073751
650780049 526069372
457760505 296139628
702224557 867244881
16309638 387418344
522036058 592435671
333890652 677764707
141273721 419754559
683438872 19440055
663836195 120490060
150354240 120151469
306564317 965552820
862915868 71680932
355444311 5375177
498632819 243705199
701964764 795871224
882615112 444393202
320767902 165281804
196679904 974159949
643284269 449136945
239615410 684357745
78206883 163090617
874866347 58163020
440817755 5426135
4493418 711294835
43175150 147619518
51728542 224425726
941892750 291242860
6623367 799018819
97153102 764613594
318530710 19905940
105382015 630756624
350404836 853918578
176327545 9615955
554082160 969769728
668177060 62964117
677715742 467558260
961357601 222586133
440970411 775978034
546975361 987990027
804825185 846631136
455203884 478034634
591770211 885167020
384638018 39492857
737698043 69670217
921095658 995703290
594373253 887927834
539243035 676698905
205101823 435085726
303978847 108885316
379438768 350181480
598048440 178418767
152617 417550272
940102402 466986295
735169574 724715887
921906319 737336482
636716644 385622707
55189903 14759158
652002115 941086671
626619342 331476106
546333224 731660490
878838862 604575722
562132557 981322346
410260262 823472211
915935869 971368587
621157215 871304438
322700573 234077383
300880931 932409139
812227014 695119613
916642165 309529731
263902743 859670546
212889606 327852140
917118072 716408445
885165680 563467851
950527781 741911388
217750494 420418170
746984560 380099558
718660775 286721557
126899572 903542500
981929563 29333087
782891060 770086405
310614520 317837937
313483930 947025419
656664863 1992309
827935672 771397251
514820618 378512963
820806727 14707302
778702676 890530714
337929902 844207106
164374813 983512049
705376584 156271495
434862338 47570885
659947511 135775563
907707241 464117353
113847768 585204666
59718202 808957865
435867898 565041769
484324549 81428560
975070935 921840442
628386096 111534467
360260405 141981589
782580660 846405252
601392636 549746117
311445885 55097103
803904418 605036909
520261018 622758236
214723128 282192196
162101243 629433565
385481833 984243526
466754795 342423228
203365190 515372813
71075387 915467731
896414669 445313825
761293134 698480466
418684420 674375015
154534393 154920788
5259399 700235620
3781581 835459118
516419000 474471120
32439389 897203879
27771273 101935713
95275452 420960396
473349214 302566857
352235657 762862927
959841499 158917429
604811629 232054212
304838132 667742076
343878264 37590772
981610153 952465217
739797381 993505631
366891652 922444627
842398296 977715495
271803775 860675410
274115832 66467410
979960797 150781983
514430975 624580157
770978317 268593975
600657985 290475502
145534284 564534622
550639508 92931680
36236192 839259857
121924904 47915304
358492857 700924624
494107420 496491145
755812280 571217955
210023242 748103133
3598087 897203460
817622280 382148961
6345504 625293885
678596071 230862234
949207216 818905043
466710232 591697240
807982717 429531498
445104966 396727921
20439253 478839018
227905864 653620507
22762391 667762525
687564607 641191496
784878780 816202446
938212180 910279846
399870494 148816842
696805246 977442431
774277561 882657414
6123622 989739192
490616436 803825879
81925076 377734605
623845703 959565667
967215593 891854268
109821157 631185940
125223554 450644172
154121989 815336995
628069612 286950739
682038505 105792003
282080859 639695144
54903973 703696508
834765927 400269238
408056309 490207352
169450819 748945165
322839948 429069361
471009855 990256297
591665583 477274731
704982372 971445705
919035088 723441652
980675144 622500637
180224029 276419993
783693890 27757826
874176337 549173692
77526638 616870431
42632255 611362194
604382957 619054143
237057840 3053496
334197111 182863319
687049730 577588345
104336835 244285540
70683870 777692453
294688789 737186741
66152091 772254798
46222459 25485566
986662009 110658070
663041555 446770602
272433549 707868793
443745725 176040198
825732727 52371422
90540438 497826250
369495038 729635836
60978142 509932975
985514942 360607037
875965179 549470128
764759196 618179877
223308553 494674609
290062786 297365612
629394315 875046377
139550443 372152977
304460022 956649460
197409131 144025043
968524899 71933233
99548711 779122131
499615605 730759619
770285494 359980402
729182815 835637570
369933764 863959637
635788552 968805286
841776402 466068132
537340775 917669790
48607776 907105372
733577151 527559430
880600841 153385717
176476079 358543246
197222040 145314606
966022557 167851039
428139609 875297873
868369561 388346715
740435772 985524933
528525774 143426486
94053915 568531367
355046526 559146763
543552623 445846577
127077057 740804895
948275466 191368322
747475155 35595135
248735726 701276680
966906024 780788519
589311310 712953360
717414 523265723
581471996 750998569
474662624 902212257
451718086 25281058
250677067 915788949
3669595 102549710
826544090 7154341
336271109 882160566
245533874 373490078
505386919 94225549
508807218 595376726
573429369 870036341
836976918 256279836
592247064 662046957
113538052 270317075
494272980 779228264
135909289 655410322
39412038 176266250
128670184 396096113
340411645 754428061
132076199 455824889
177847434 933825908
204650340 438701180
142478969 199765578
943129185 595413788
994979190 512433295
260071455 891722540
43352308 180737237
311972261 311963947
373581762 695729400
427914039 380865824
913742768 619142079
364407685 328946705
187470417 456788370
139091506 804186420
51432876 347027698
79929975 761263464
199816776 8476478
84346845 831914262
866215111 39829365
101931999 32854254
278149699 939330868
384716239 3562697
302403730 554936955
656269918 804846988
416181017 752460594
426352329 901253971
175083953 935747835
294222724 495722521
722450594 354593220
381128115 825749098
528870032 283812891
482079050 996032513
37519427 931754032
891608054 468020966
148122755 917942566
690532868 138385889
680544089 406599901
431571353 369209599
428581070 501891452
124863289 41228118
634351752 442827803
779155026 54237517
592334905 989151350
995828023 543277137
110720669 364552441
262030996 615229069
373548532 338584003
898913165 838453664
455385388 382844362
956531876 721004644
27177841 714547383
669312057 608399013
194323771 29338264
517554745 235584512
859638623 825599039
154312066 511886980
817329132 748422172
919724325 219439169
884691484 982239054
139087890 743412308
823148464 918926628
49793726 715121059
722905648 763341717
416930441 110781726
40146933 439637773
650060778 525290417
250765702 257993747
683768690 118484593
653213782 627630610
147988206 451715016
619581767 162553666
440265478 462480478
369182113 763517008
217318278 949205306
786803673 955624392
148960431 761270709
321583491 987984245
707647111 660557491
648535541 660435922
752809005 837889418
358930594 617275089
401268320 221109520
42748977 425625201
214725050 113144037
291909124 265752967
96476763 487148410
498771366 223429768
585802680 522360559
753112331 642677853
994521468 58843722
347064894 554088206
73140497 114793855
900005979 674918879
705322053 590359485
522115 185252217
831962263 876074778
244016874 647074842
882027240 504553593
969906055 811941302
389476536 401984496
169870810 14692454
327801127 261093794
894304937 345030806
726909542 134204611
719067727 482561667
718793057 161150271
828071984 914909388
899171596 534590033
932344877 84521734
273199531 344480231
63330105 386425117
10494692 844326757
27865523 184410015
560219484 42314787
719884106 521648498
521165692 795228625
819871954 334607373
837037025 66902619
853823166 74323509
24425517 903985009
978483032 286896252
118621650 364700148
949405052 50318614
745627874 403704933
169723705 42128520
89124438 673780521
900291970 389709182
369444678 84586529
11618589 3608387
72071207 472345295
810920613 213274476
706257443 129834392
283240992 609346439
288433884 40803969
745023590 783570767
307264425 644259234
804743818 829686474
132355407 853506451
44506151 44672502
894401325 169886429
478552200 700567385
932442488 575830517
423941484 186126996
703338600 263612759
633222906 772764
455288820 907309633
223970638 88025829
186221374 142065999
850669023 598738342
37939093 393390259
757173194 174125590
859170776 403189804
101885190 43028531
627770772 708553447
64067974 901131871
270432900 293460108
563337291 106796368
980818591 533584565
64074083 5561481
333121206 278241513
334965119 407223106
168359553 384799819
460403676 621002391
416661117 30215493
581103173 197748209
600053614 517884186
328292811 731785334
477262169 493852838
160352611 105351033
663739517 643106561
406775376 235051678
494232173 93385015
860640442 684653009
745741637 965129167
981923978 933710345
409866646 650419040
104148910 231558065
556030091 498146987
668261363 129254131
269968247 75727372
642729040 504230870
637761028 758715419
123146188 97443375
350020258 35873933
639526418 717200245
511153258 221326066
385514658 386694007
880659827 792417265
612633455 696981327
791107798 280609269
325895271 240275494
244078158 527835736
80269195 464630049
786693051 44288519
883249985 578636691
342667668 16700976
723536382 425318607
707357493 87915059
119647477 870452347
35748312 877049131
236991709 686727272
451248386 368621592
285121303 200829924
653478878 142233589
924328579 293724855
717972826 611020243
502770301 64644116
199278384 547901075
163489189 132970657
657946179 708132050
220992676 226435516
713041082 325821774
3255768 34357248
121512247 351733186
907767418 124921685
670343536 764597390
46190082 76867254
473372991 702186896
435627667 822446646
657782877 463345137
20115338 479006201
93373758 872795256
758314229 24148012
333574555 658334075
785049181 182057899
832150812 748294880
927811328 846228829
932974216 922648425
123658929 125146774
955340205 816836110
53891653 869503444
118165473 733970530
50731143 641009909
677322858 306807813
763022798 702416609
798339904 220940072
340564441 822640632
621382638 365021505
704894350 842650458
920834935 908699123
751702091 563094290
317645855 381884697
858072103 266901163
66854112 835459157
517074473 753587596
40522120 655300895
549107309 111066851
889621668 293330522
532869036 126186922
258994112 317034069
837015630 906912420
787355828 647514536
680274063 163240213
243398319 191546052
588855265 488900339
675564151 460644168
367984141 107549368
105689510 908315868
752786247 455395712
204013676 475707567
487806942 829300455
883878155 197520433
68545323 193115729
848266686 823498463
358908880 252327891
945251719 910860021
764043991 484386971
333661974 131096502
574384659 743970548
264963049 703471172
344266716 123852595
234363236 810245008
946389983 915661459
654327011 10317590
610799017 81347860
969336542 31422112
979698516 238943723
132732571 750050858
728108670 163702944
428828001 357093475
602480254 852579527
496324365 897117607
372935262 567422135
41292772 722747177
247403267 578367877
119678064 587634916
102740659 185403625
79953578 604261718
728873917 140307391
209276131 874959225
822270426 841781337
196664523 363305328
776639275 570688459
898962911 323944179
12873109 16191983
557474406 353535935
143554450 298612429
109811164 907780575
346051384 53996613
838428671 35328037
255938147 142691688
629205811 55694509
903981965 130429384
896443808 935052998
502754794 802262320
722232021 179110963
695121341 945684661
947972134 738825199
38774440 549921053
105867237 397299403
884407698 507615046
884139098 288222140
776989855 20435578
14370867 568446219
73203384 173491311
936261858 142121484
986312278 876531307
476204483 249539566
328269325 689402286
313052097 131659129
886824693 327860718
264395378 901798557
939357480 630632910
418627285 712351423
269034336 208763864
58329204 289495456
501424184 64531461
654720659 183908585
722620062 57113896
340406017 659838265
648512901 279925442
719472411 44741574
704703922 938850003
892752772 27597415
124281094 993694988
403686751 65490044
181297891 146705098
713701484 687779953
762437564 605562653
120607639 381723272
91134562 895089377
996558158 131105413
170454469 85075385
787126087 82980490
491661541 190792085
801833778 163528781
798393401 323171011
549038614 105749280
914625905 781986263
595548755 318992772
395442952 897046093
521589971 334395543
221187002 195749657
19537995 959323268
391289754 15075224
117214363 334747656
49045406 24764348
953159825 678411449
273648280 445909380
33367784 671459975
553580994 339714214
567016619 666480654
265649026 144677869
649455879 894819946
763198635 511981068
251182501 23790459
766632225 238269729
892924155 760547849
705031199 793836741
50553330 596883605
926634098 387877042
438331896 378373722
628066887 39800451
261872600 100551144
245793173 637912290
155247853 410380420
896835283 73878029
976182804 80318689
851928721 295646158
797057642 497145262
13894111 793196561
825359445 422423002
82457632 738468709
137351797 279077808
708780162 728738979
19888072 400616466
2817577 110376405
819607121 379877649
134764212 536102793
788849646 781203038
316788062 997343275
441664950 361086265
340415587 820681255
254734258 586872595
175313494 146329974
499097203 255565639
324400673 890370672
147933809 91162004
5716564 792117540
868367027 345757777
60209257 472184662
57294216 74321316
432114752 115288864
982033808 833490721
442718466 887660501
693490752 308423455
796723621 176465962
188506827 695862064
157768086 615156651
154663559 975223243
981851197 708724431
588961202 121899851
71396519 667175454
408841251 596474451
844779915 404747948
519807634 795774796
411189010 603661178
223777078 777484049
885658842 262106997
743338582 380928722
972625101 616897697
500891917 706898933
173938587 660588142
14447604 155228317
878932008 22596897
33788514 150978850
325100490 119639263
287852663 11396504
767344299 319439918
117584326 554811842
348633220 144895171
359029453 131314655
742807976 52968268
382557278 74132228
399840736 646918489
49339862 326372892
675961406 694858012
462535298 90946287
79586312 874072997
959821959 979747943
71418959 247431394
254205226 84015146
348909603 495096958
946031488 133291369
956292329 637559355
665920249 787447286
834058635 600821336
536085958 304552588
364922575 40422193
770965299 846693589
355612161 326600326
203477350 51611073
196256677 303434701
903948589 366372092
134236096 803689136
283515276 127377193
139632846 960207058
11411542 223194825
932082973 774561640
363961520 270946844
140031115 213218847
769545193 601292164
211703720 76365115
623857406 158013635
648482613 567768166
211477988 577454685
5396862 510746460
623616161 398376214
7363506 554984323
101793387 647579157
415768703 63798924
229628829 695961498
33817831 643709669
955032591 143086119
815956687 305814821
104436136 763998153
712232058 410350428
191408526 424939430
776980595 15797699
926891526 771848298
856223466 259874515
878474901 929934136
369387040 265103957
924228281 755500016
767203495 100430737
17250217 14104774
835735448 664378803
650168128 978931360
28903500 802166432
461232912 876176821
608463068 121656862
282447690 161221607
877776842 731967898
601238530 107170222
821731828 379499339
218958983 405895617
682678907 928503322
942260612 31448553
627199263 691380625
150458 381263959
961395559 860546239
250622482 199730067
346295808 512961686
349453191 244352746
50975818 55592914
748416520 824731161
398920836 570890872
358297062 706921000
544818656 47875525
42273358 224938116
963696892 531998170
320576376 243027263
397658801 834705097
728489935 926065998
578994224 110625071
703969289 327535760
892931059 876583377
754466 147754334
19102466 81838306
269981722 100850484
184940119 82849684
885235732 390241308
370605618 67801073
569407861 850788795
262911486 582590183
217014655 141180839
7926079 623321006
730917776 928600392
224881242 360161728
832352110 633436212
87732552 550326482
125115345 427113002
599631987 226396292
53803314 534029165
297122202 833369739
556857639 372605047
310710277 576635329
268621746 69160829
152852990 962107272
935649101 580932820
480353338 907522693
306795904 562868235
813306764 865715547
82596864 931057286
715709407 75203462
225957045 112074279
289248734 649734824
491188127 824057575
16730382 18167458
951486099 465385978
959036026 856825107
783475861 859662930
84887494 774970050
433311295 545888088
690955032 438899142
323898303 240079530
247234151 235865066
281698054 648342450
359532272 789152140
773359262 481191650
115641889 674225255
581894860 618729736
77961038 326140996
75208275 508200349
780801524 807886345
957290941 241362063
126578599 953155877
-----
357916471
-----
340 391488115
119761284 988069103
338718024 207027325
937089289 366959279
263914123 254041066
470706026 975662728
130687158 933884132
981869895 226088577
972142096 736621096
147535517 435061228
244587115 844287601
720361138 746083874
627001639 666636998
99940788 926309329
373691047 586349961
132333385 38835711
430463456 77893190
888756321 781829022
897176055 558377658
149760616 175838828
385683924 85819669
612756606 417945324
340397285 513079541
384109742 396590912
863456990 777735011
808609882 232875418
223701139 851767783
535137979 402499417
234213469 88248532
431116541 518225763
977317016 813911303
288784285 636781929
685974562 484002085
307333913 17006557
767575815 712455176
16322301 4703458
743362961 992017788
929166902 359387084
697812284 722860921
808508168 469500654
245679560 674551033
965385272 194420279
300757713 10723507
193701955 315894987
21572926 205128306
880185507 412211260
604747752 307712767
940199147 96490804
924486710 803948925
2475551 804396364
81887530 99045137
704137288 5366953
360412051 744563477
491146870 927544316
7627240 46696168
546417435 200862333
48937647 8796328
812752347 137563616
542396800 145931026
790126475 766031571
880496186 541932779
140171527 626990897
133750050 670951235
593122402 341467194
165931634 380954479
256283706 657290154
772084264 527136734
218800110 84551966
579957542 270480815
100523160 773710438
737848881 457320836
699664193 986231286
312191903 60865901
326435149 925421665
487107728 964268286
748589400 584597321
941835176 674187149
142798531 277432465
972787772 54186253
175287843 864452911
336310082 186589270
679736270 863727144
25001642 646392789
953073844 583919289
283569587 41937817
29707117 274416175
467018763 483966110
700946441 860785739
979176041 844534126
367388306 33875618
818042638 652308772
449513069 118680537
800716590 714302888
855051886 47477219
788639710 750882840
677088968 318439723
487176137 763427842
69295823 72862288
86248640 381776909
195718481 846153470
664659856 877507392
699640255 382554107
373183385 644009315
546976325 802840762
59034634 611346091
333739836 290483842
134709723 618550523
10304934 398089625
483873830 97884562
727057299 470072863
73266069 430144966
219594620 351628441
296557497 284653546
929172613 103025707
681238067 334625559
144444774 229902368
646018023 98588270
818615067 886295247
19396384 928102051
439198643 64399963
592117420 278257742
607725922 969692076
713670403 165401586
62372331 672093535
464405679 513780615
79051718 479086227
289131446 825959055
911889331 883787985
829516890 578880060
339354370 961569452
486442949 176399714
224315985 448066270
573889155 209076268
661589784 818414816
817399631 935054512
528200592 122299200
693150375 31913804
854982585 879224018
283095519 311865375
864365805 818451974
292674843 250290318
61256307 93191696
757256009 215406788
36803228 428908814
918424426 996112440
231613222 686160650
314860160 455002912
44675017 382973563
980529436 321069928
946465492 834150715
797819389 62579055
648429649 29948372
34221666 787162360
541625860 73644328
345093038 975949626
305268396 307498889
289928388 538368227
209293238 13237280
289904966 144714673
471127567 468812080
207127717 124547832
628095893 728655506
563089795 242098390
816720172 51454121
58194214 520548327
359700165 666553004
684742336 99576879
698844340 888756937
590830921 483251673
580061311 865287104
121099444 653097246
19600565 861697964
78960521 498279968
554438170 863125011
642370546 124580013
19722666 766365824
852728556 853571121
779068687 599626650
933590473 542661589
150277514 273408926
718053996 826005139
335832612 105787369
405548434 90429601
136574239 296913597
624068445 760569321
269017963 931827206
770852965 309286558
471861426 68873352
614438698 771578157
610930973 797546904
927130248 489081658
778615797 579594655
613889947 340005901
25193440 371867621
801693377 748185961
246448989 922793567
264581935 539187902
102424728 521109109
842482497 245398055
439615005 267399002
842343950 64322273
83274730 588288560
703463286 413077927
935327632 823561138
263048311 533373098
8022368 689708509
166530411 59527437
303951524 798906949
364437659 480373569
249300757 609573756
812227762 707691249
605491717 723523780
414868006 956414327
892842248 734527407
467882140 960602173
58663465 261862282
925380871 799727323
67966029 397446566
212048239 422489360
199492185 995526482
122590998 505538927
350545417 70935445
710946184 625848734
617115486 864548699
595628491 308525217
560905121 828397611
96266377 449265062
597740336 645672640
937538343 322519622
338561926 527865026
924892379 382683727
51876924 17100986
802702298 877598186
78131366 43115692
146553265 107976687
694194061 40929076
700213292 274413084
415068326 229576486
613125837 382511013
445795667 269677040
474622970 235747479
452896992 360806436
729190018 159805251
695401667 11565942
318365824 394394938
664295184 41676735
381216223 159096607
671879488 12645750
87234138 117518773
6759938 946883969
628149573 280264759
978166642 61189956
127269733 481036273
851299863 262496774
54976540 572739570
14002783 472163218
695129261 726449947
1481681 483399310
561566569 58696618
819064753 651126401
55751436 266967774
37145895 542555282
863405566 64446784
380793614 849348592
32085936 803628322
58307518 76013795
364779967 940332478
38906333 65465690
124326367 605359005
640516843 183404044
35840923 84727348
583226029 367611355
133591066 146390794
724405803 5291825
95980108 377456259
240651775 922675124
421394081 120246502
754544654 741064243
810818795 850854210
213102097 753460377
49836034 427947262
939244785 87158552
642282364 789988786
599376195 222267442
377942421 970881215
222937459 700148692
539271391 155033844
110254098 315935092
343271507 426249167
115298318 344034046
357340258 455194841
326048933 675389081
18072479 152067186
287655172 634786407
156384153 977714837
260744769 673799563
867984710 362606899
924800601 987654528
610300080 134653348
820295192 208624358
859379862 771570206
477298516 106492514
168911707 76673156
709242059 698800410
502771581 86157076
990344408 923307866
318470640 8553803
234708826 176125197
106827273 149648419
437627496 73834297
836721007 250150953
663325539 127829256
942658592 277847472
356120186 275041913
246379094 897307596
621703598 466184578
346965050 25249392
515359745 849685864
55058639 358791183
69331905 326946308
926536390 893182333
804778201 56971048
87043328 853196243
124051942 883607251
140755412 298469784
212206450 934057990
607178360 4405976
38550281 725101880
966839729 18914608
422583054 977314103
966303725 397123108
421247434 4385233
42268834 148903248
798440381 911412658
464035109 728061566
168919156 50873558
333397800 631989577
394702577 189226056
50036926 859962319
24857983 178048410
218013459 545103631
-----
541616440
-----
384 805646189
572505722 580037954
271374792 93209070
252367687 263512584
744719174 960462702
13052956 891396865
861188583 107728642
820269040 565980834
437911335 549349076
877721879 806449110
222651200 385312186
280470044 485770497
962507692 23461534
883947551 566965865
962697470 117688652
160735277 94367554
748001606 646068658
1722634 36777874
2784136 898924025
668631530 59194900
159208753 409233663
950643207 182046369
638366102 543122056
650002302 339377425
199815543 784646587
210457636 608267797
337811319 797315059
528585487 148778524
52794620 408432129
162811938 838421842
918797387 822017026
80961691 367747733
630558619 319257742
553826448 966985438
119010911 464558834
940373053 519499145
904211820 495528215
753472593 255150346
139368317 809235449
806254892 104157274
372131813 947001027
246708519 989746983
269213619 76245245
110787764 695324966
869935882 146806858
75146944 828000739
514387813 696049563
364686992 375946006
627633368 194341912
132882838 532562753
70348975 240972622
225045866 979513649
428606995 140719787
697964762 139830667
141012252 873909737
363394786 132676234
801439252 772074380
159665133 487922088
415724417 519079688
95497749 63489994
926195893 816007055
800003643 266114034
519372031 915290469
861549022 721420327
571111081 762626784
287709039 743235936
803241047 193178747
909165859 207550668
790634348 711918494
785838081 556198317
28798428 831358821
120852812 6027376
722723177 993274561
778265456 135620056
441584739 363570495
141440610 78929982
136005936 484618958
935944542 102203119
890142727 460834547
421955994 26495624
782837639 669132798
95422801 951322605
863270320 584749108
993089484 612053104
329849798 132017726
823659685 921083387
789464593 379199032
817257035 333581033
565858608 531142600
973396915 703873713
868673575 204698366
448981022 118847350
659965894 646089857
358014227 46929236
168624017 736030186
953529382 447105007
800917950 952832408
821071731 375013449
338879552 774344774
15817599 112111532
915359905 32071168
555422546 26312054
398757663 772819048
142744481 920955835
591830563 104365591
928938845 469054225
132886379 592076340
737065476 376886096
397096116 965837243
148650369 398723336
397236372 974284975
597112604 832799151
907510218 97128579
704801687 434502711
445770837 649252370
972518337 969998796
424506855 746036651
630217818 35621923
103419715 860879582
207560482 158685106
995126262 836788752
390496815 722290627
165857652 488129512
957522798 195561522
355627204 579428027
757749938 128288116
64784024 50882339
480980067 703538761
330995745 64596132
391055649 174088570
236975636 416588361
7000967 702891078
535151953 989706589
940902168 822400362
81238902 731865716
33104950 548976231
256873765 835237885
891772050 78573738
440069028 306473328
233193837 483508838
607266172 683369120
642255684 140226813
205592192 86782921
419156934 25983225
114984035 355091312
162625771 653889860
456162181 201156277
694287161 607416423
62909677 115088816
119656873 583823933
828404942 68483553
102835420 184265472
278368930 328978991
730101219 89628775
6540525 757283832
884379162 28010494
825800119 388135626
690737103 72889380
541583884 567749262
892002813 307938384
84830618 968294412
845451672 957549612
293878266 150623503
199692475 863726358
11791340 960902010
6163490 510561374
809598700 821309662
78952472 161649212
623838783 46368087
921113642 299716025
681186820 471561583
322623698 292629765
843254879 543271660
815561870 112576443
491530648 138357081
993261173 351902127
601430805 394359360
66335738 360735773
539801330 471784029
118652480 882859958
465903843 720512339
141591081 863114858
119382921 719026949
795450174 47127490
2604841 32996607
523192923 507161690
856275041 329802400
333643893 473107334
532256991 576964842
161188936 328675345
718583331 931252683
57125646 739239480
206798112 230434398
997911645 53734445
173441022 91054635
348649428 618654240
755232200 762338490
735563428 700417911
769067830 18947517
623338463 26073222
478324320 368662379
618282258 945781667
430868329 641493973
424403131 151986677
285130916 161044402
46976054 401796776
512934924 897908610
782420801 105787473
205945149 927070786
286596964 381699881
50348179 646984902
167298800 88939478
710885801 407884793
904260881 523203302
882952756 674969322
202527047 462844588
46327942 246396627
42745433 164709980
526559031 449870884
42372455 539870888
491606041 54896725
581879372 6076766
202230400 770310106
572283073 134699152
793229880 588458738
266921991 64564154
650494543 22537324
827682596 611565000
70322259 345654177
818833858 268548290
629723330 163701754
408827671 368235391
236692037 146458475
511329863 840691441
409242134 891664091
260595531 111688931
607501993 351845373
444459467 285244463
920189537 597561959
793418401 258857031
160597349 125046518
620928120 317627714
76988910 370561736
328520652 266141727
984808282 219435005
814707136 427101480
405981733 133541813
870537343 315036790
277895322 162090783
453632345 631875565
625986540 433391127
889380159 529256053
329216897 232268854
967949439 139350895
516423895 556741385
918553870 227300961
226189668 876041040
826221602 31305113
565238043 637373667
44891834 285746955
129739794 396269067
101521523 725674357
52393646 111713052
660557486 648451506
397298971 80253934
208138422 82592532
413702376 894374953
523545365 189554656
128610538 391870144
978404153 110416193
892782110 520681181
92747542 884049966
140771123 763875774
802891852 565358110
709207302 114639511
805776172 2346623
340440129 83919355
685082700 728214193
586637498 519005509
996254943 479177496
824845176 369038507
497414613 44557861
116869332 978262580
876726782 464829867
1061824 221659806
902822404 765933620
232478082 986370281
500797221 113587614
105061256 88424772
448805434 313467834
676499947 157937658
520776468 897343011
17327937 875797828
35280459 806885208
111454992 173763374
215613052 206759335
375602499 298517807
21084658 588742618
541774644 628124582
212587176 890468931
297787374 277252955
103246849 455350521
795079046 252030135
235833921 555137179
724711745 852291725
105198386 245685035
967920571 652410772
16343422 955226032
248521006 389200581
411322259 695693474
822350110 33546678
180057279 770575684
942236438 623400488
70283044 684812025
272595549 133879852
705049802 309604222
517628627 680426146
924161701 987080463
550168566 767744074
596007402 234431453
807528833 40447191
192862332 87497461
692768126 49905802
451298744 65749204
242032717 862193355
16413683 189970225
670627780 450025864
147291514 629070101
73295127 918522772
702881228 17256849
125568798 607602279
40863469 151253810
651385916 323803960
801940376 956877014
79288069 357821403
950108621 936433349
79993934 485631870
780087350 540426515
241850089 938492559
128046839 858306146
903738923 139238571
130179875 201020199
554707862 748525007
500588523 699616409
183125598 447859435
243341310 30288929
464751518 34840688
9099893 26015728
510267015 157274281
108817464 589640711
603638166 986253688
890053530 907833002
430298833 658153642
50990338 702332980
542026595 567697745
378502748 3225023
71323400 788854928
73084472 322420974
31175497 131563152
976675915 977696244
745145358 883993109
980313017 626336935
31023892 133723990
232960815 862075378
181057891 407992392
565193627 92225168
694444736 311402661
679221842 10777196
97808625 600023434
362995080 209614587
322289489 765683889
128865246 377780206
392017357 508236257
587414140 687125721
504178575 111185117
729834683 257271671
283499946 666619023
796079316 85050062
361522426 79283279
75964660 335861162
233281065 800310540
130920266 556762994
929390179 613929469
6007802 393742959
443902366 308875684
-----
275500278
-----
905 484680129
563043409 460733241
866789699 956000352
25269210 647089658
132795399 212214774
75715105 436557571
420713292 615239580
197860755 142779376
156845593 143202329
822965723 791975428
979720444 607487619
907154695 564304459
180364121 282111377
154366817 635193897
914963796 18469359
379978405 829925951
13272993 294591430
250113322 232212535
818289146 500401434
700939586 745573754
643349387 545330818
267198884 775683665
892727225 747468280
272393164 29118098
113947724 914574651
717453425 471382224
806211139 719391110
473453160 900347985
978807133 88503958
630445242 208867996
457885221 446109006
888652165 977411564
456847105 975255710
529279713 80972318
101808736 108656660
831384670 555296955
264338977 952111303
235771371 854449836
867592317 562454843
307878361 426614564
812319109 296827844
181062127 126840690
509454653 739398536
933919870 433279167
5912792 592047382
250368370 223836977
785962189 846943980
268966404 65275093
863583728 760336930
456838507 33855984
85351574 538525389
501880112 135623122
140768847 524271829
663572516 134799342
530990776 569174594
428344480 820490616
993285725 764547591
559808796 580576865
738917381 438838020
294865202 556432032
14225293 67916435
713159502 168623067
518712323 564996348
870173096 987934556
224870242 175284728
15205966 368462723
760738020 755507196
90984615 522413795
498610489 665298029
865862768 409456564
200621807 653730613
78176440 205132483
950388346 193564836
955712741 836948934
582845888 219681296
13254480 134438380
906753383 261904616
839995269 242990705
580121635 880908219
26276116 943986991
332519855 111860351
988728132 325254038
200490698 597665297
382736520 939168875
606476675 97843710
837350875 895817334
145078362 493543803
611959167 898534286
560739098 185532697
454129189 744744239
584837017 323092400
377062831 423104474
1646161 898979810
809316885 27466097
64703115 393981437
157034818 26783963
335739565 538435146
134405305 350861858
96147685 601892265
558427345 984850025
719658393 24813048
974767585 915297426
181582181 277453680
977002123 814716299
581104021 10649332
297633237 35507256
919237020 971584776
312024598 394698766
477520733 896916846
496819289 625370687
820167991 16889585
949111058 201021890
583128499 674557079
68756041 790276368
139555222 7926644
431465748 943141224
797753261 100405053
936169736 741310677
859018952 149962424
975595251 145840513
418113778 25875663
656024361 972737783
363260424 374283901
962268198 494604383
259013698 646215971
330128578 522505892
49996062 173161071
830124766 58033757
768124315 544266948
363498110 74105209
298078557 79305202
645775734 170409400
476839996 193188322
273199744 700406276
573518385 218644606
767719179 177597137
23807170 250600862
985602021 674904496
111240818 315410883
324176645 270860076
829204986 629921179
141870684 269190832
892859702 826525572
694166668 729774219
239297576 786728295
837985640 30001314
722666647 43174851
142594225 341735677
383358121 648998647
650817016 149129388
656554221 138920921
529194958 451632526
583762844 598575259
644082325 775811042
886068817 508754668
710413229 57057424
741871620 698609012
431673395 934990199
244185141 530761524
214210384 254438376
705844255 424727757
163769271 545341537
447353117 675935426
610558306 179690436
695150170 79623157
696433772 379636714
380336961 413725702
288170682 63130190
725879079 146077087
99245702 778310302
738351837 320567740
97882011 482831429
957715697 937785214
973606365 726025709
664355063 251169948
609705328 876074719
41674048 688401968
680576647 953802207
737507488 365086486
1892524 149093530
850781955 349302819
661427329 436868491
202139144 33463654
932156558 65172301
134202937 690932809
65397181 969384310
632907675 146891935
909494156 432026700
782882547 627008414
780504423 310828345
413520558 137038415
657624335 944457743
451407271 94625000
427583080 908542698
270150763 995790137
107878348 635196768
610870539 931071960
165442185 946070937
645315771 31501494
367739356 137420226
78573504 234784977
306755760 685061167
366309062 870028379
703159584 752965001
313986190 1681511
343867966 510410485
421090924 519649663
86888633 602072238
85159402 51716159
813197785 829242987
69008420 737042927
794798193 824945411
703097645 508849368
154552482 257591398
363939988 60053461
554902304 870783701
512954556 430970494
9746268 152222118
98215450 995080268
63767594 499958659
54017256 833029418
281289180 218848073
689314894 991738400
528460080 188546722
569484189 137144785
297901278 245505049
887272656 265084624
397947337 239923061
561836455 652049480
738905873 245423064
859941268 467946966
699542248 882834105
31392472 481539036
711303016 977566357
910969409 253693247
270469894 713867053
324770136 858835585
213841255 492938214
969891866 774817992
25156136 894138587
49016157 531420758
204191833 173269325
149719943 641487011
307392797 654323791
308545204 896826630
926691411 554243493
535565459 347811696
220687538 391192797
331651359 547433608
896705908 46956051
619303722 136764799
1581363 808164177
132250505 642360257
748545930 852241384
56010339 323383201
172694804 434270591
638146078 141901629
789283447 832752364
121161109 540261607
615969333 727156838
347887343 695193527
808324256 876565824
58087349 871951919
819841659 26790521
445959871 881970021
541118213 131555787
852892360 460896949
673853268 973711505
345630042 413196913
988992900 480242520
194243861 833774541
121020772 329101295
436829687 900550823
92938105 790119366
646550608 661160990
255476212 968884731
826418010 35611428
723923390 487311122
87743950 741892668
700016594 265232739
941183708 110036554
400943011 994740885
802208454 18257372
910728977 709071130
971724707 164015114
382257544 682060691
126325951 448170868
385735307 949413750
196505900 994051508
951511803 897393106
62381462 28665112
92302257 396293279
357457666 280987450
591878551 910899907
436163640 443717129
492320366 526245625
475667889 617831936
21021967 130636908
89332382 318275021
17508211 608940005
696841727 793685458
452316736 347617726
458707902 37416184
790335211 180641442
648078130 564419480
117033362 438391849
35413286 338127583
668557519 811780729
635102912 182672041
617968384 963712996
802658098 931621926
818786159 616110491
155222557 983474901
81030148 369065238
946682530 186941087
150273648 208433064
588678391 460555808
32156915 645981868
489175538 208973310
80413972 104515242
499746415 429453488
132235249 981494592
360821997 990723745
856373884 640466194
129039441 159747571
875213201 795877764
791181679 524082883
633685094 973969385
384851908 337619146
67293249 976690635
226850931 103230752
981701382 690613527
344782408 50158510
202243593 992044857
234876291 490879651
731361877 155017465
833216598 482846653
215341112 82225990
695681923 628212453
338844566 186335072
56499579 954349646
199140879 182986974
617835668 83745691
912039852 66515219
785242307 483549794
943267510 772758416
918839950 740480227
935786978 952099125
31095725 141425655
230283723 613000567
223230557 534386344
8773655 985384603
317483111 792374289
888580176 765736794
19795228 392129078
37096244 261768292
696281448 763904033
279596512 836703702
110300759 101922166
664484163 72118788
122799868 165596709
45081651 774820260
415620566 921139578
383276223 421778255
335959192 85733782
519844304 61496979
992438000 752325905
310117953 561970956
765124140 661688898
538091380 648186143
30959111 194189017
910255786 146489015
580068657 988751326
715075596 957053360
543305490 234903386
946265316 766515624
426040369 104104486
38621264 567522654
380125098 351018415
781268750 271970352
162260895 166976729
967348181 771425924
199834589 106508356
787514355 15154884
306820689 979429730
16424715 174033836
466300592 149328701
508333658 76949100
498368206 888214942
71455544 862315489
919880527 697242536
886280167 118292978
133921491 255637181
528562714 764277066
106711202 698672923
507581219 315608709
150964073 76743451
540099617 40887050
144877251 259199226
266310913 883940597
450089987 428113635
237401642 337127122
236785528 367171205
327680251 377014509
407849760 315461250
172450461 622565084
911038604 267414318
898408749 950668540
960164254 491600280
956315951 36329956
66316545 591856389
186077019 660268301
83086505 922865139
670599399 769919537
450440831 33292743
760836395 462763387
627715169 772278179
288191985 68823557
574427273 461939693
21138147 489487888
165428113 709562833
645842440 293292789
100041718 72453766
660914680 209360123
340480335 558310384
369677005 491232264
215277627 13477948
241195961 480630285
470310488 770306503
713078665 756128042
786369455 897066547
664009136 879625800
593394652 269859496
43086808 457993017
907245871 947460197
372288474 434274454
904422732 743603258
534370960 748459120
743816221 816917160
65508496 692771868
909690736 439223819
135186841 399884315
582457602 136209435
406752497 51875538
144801425 134030938
299975417 745820870
149314551 270514608
668482111 894988980
106078919 809310777
277155095 605997476
835231918 791484681
172430909 92603407
810407881 185722340
344736149 69576637
145189738 16605375
467360882 588402342
468313713 773354290
397627246 103008999
954124078 702986797
793310679 797208237
528365626 396195837
665882406 151419985
147566200 950750409
188652890 206366118
209255321 525205555
175080575 526627635
252307805 607666317
764803981 573988232
523672900 982444894
100566616 707182290
440001179 516725692
184836976 295457717
129759556 728409001
916398767 161360685
866425928 286307743
813974181 993228677
803986208 629090932
71055590 582739552
781327004 51449764
983210468 284018165
987742381 937606157
111679013 88464013
755982767 290864964
97776236 500208497
754970368 656695360
162209234 296954655
164890957 70165316
652289963 485736360
388767133 365705804
671596268 696773798
801242049 955757713
242202831 223225199
444334438 331365707
838340878 354928579
724295181 494902731
626035086 251059396
102248371 853799951
682393357 625582979
93192341 768096524
874076751 821564224
62408712 134309708
337949359 969869692
402139574 628783109
190686076 815278008
433568243 921791984
963191784 984928756
96757876 564501153
139120966 150081346
273136291 632196058
719300744 305262305
205127452 865832329
694761431 986782078
979418459 976232312
115506505 546310014
341570020 895883863
315343184 134247633
997591495 318531196
28074142 100394562
113949300 144169343
692593985 67494802
866117752 400005358
267992443 78888602
883323615 465545594
143627984 536254014
184692993 224370296
10280740 989705420
719903572 848813560
627982053 962830273
873813 6135716
396109910 572297824
382619209 318113405
446956099 445704841
890648105 364788005
77182791 684742916
109324939 327487235
429717538 627502459
493984150 572175902
480959802 715291060
635735668 281335111
789459177 489523533
412167474 665729590
879764414 129698304
697190990 19946545
586479037 355581283
159979934 485570848
903729890 188772153
63335712 480661966
4528702 155073729
428255139 669526936
75898013 566315540
417757276 124251336
141206128 281963361
611038692 812842644
505946001 548435981
916065897 212372396
225038258 499299839
515540891 949829899
546919989 57352823
857977952 35095813
647916673 795188468
144953255 982901087
176112132 38238759
136665074 472986935
656194645 537978030
890596340 291666790
487812723 926461722
787476551 529022350
50439671 37207299
425333016 748178343
319764476 279218985
934058354 965642262
218683915 77795035
35958376 112627485
997047388 560552575
196368636 834539107
86179652 19188733
734834635 539602702
631517387 251646695
32457569 405861999
117661181 848269474
73463239 245907002
403552646 755964096
975305820 222239189
699987390 772645464
18700039 758943011
651561991 137368485
760904237 252393374
695233993 339197024
464538877 604955754
305528227 731857366
891010853 815935840
752332432 419817242
587712759 412803607
821149899 338192518
963026924 9264229
86829866 411268409
587529664 833600096
485846598 94053552
210084272 423243836
993312788 70156138
145689163 466404961
552867977 41343811
783666510 918172673
262973923 633724489
839188010 709529868
444145839 458305255
64925150 627649528
818289186 853419868
736789317 30449077
656529153 514496185
369974120 392983635
365494567 267064009
303977033 78397418
219684362 64784742
616647132 232267102
737152362 838934745
949223520 94682018
588991466 429195686
446670483 938568376
253063864 429848048
321154228 14460732
728216767 982244870
85842461 794470537
963588820 863115713
133752906 718952027
886826627 360365456
112436253 484192178
4152810 279907826
423400299 678609642
106603877 689999141
403868987 779495636
536014412 100323319
359359538 33495449
669641983 63360508
100515198 639893104
85294752 179059962
39298747 218316847
552285313 834933257
66856548 876401009
433769644 11771297
624039309 270880569
376737697 251788983
276408338 940154459
343663941 579436464
899550597 814355053
155200300 408050289
389029212 475500263
149376614 164368155
871611043 182599161
542313518 96800959
844050148 26211508
655013475 13406663
989241400 714160880
968153231 620106252
739984627 46933072
677642655 36078191
129869484 428485250
242035219 551898315
773108812 365494581
267299307 114658166
322417617 125749339
898929292 757153999
648408365 670472537
785233550 135019682
736171002 174495894
640419163 336833777
398396547 147749024
282203450 552598434
804346257 590329688
648963230 407909651
172809993 21417254
533125789 943360439
187132472 221153343
980633351 716978826
86487066 295386610
729801700 701170743
335662159 386711798
382780024 672096250
510036684 782419671
86795563 983977182
285278481 695036923
323764475 138315981
302493473 914008262
786332443 275005863
638731097 33790867
542871875 740177529
940202126 146558857
604663857 692826995
686970931 50106692
681928974 412388133
280729322 196142395
177834620 718461010
225994143 735580365
985078070 458794627
496758906 961104113
55829398 428035814
78703389 471629738
318865489 202330005
296887694 188716724
280979803 463355422
41980392 191567775
953953726 339710534
706518072 13907488
19779447 923790951
996984941 861596353
367673150 173935278
957319933 82732408
617114661 850682924
631021236 502771426
880445131 682095747
715512143 853403495
461608306 742972838
676320255 635928368
374316011 352701674
802169198 155374920
46165688 665121649
48927755 194887638
916316345 126684638
34172336 159424263
533236079 3622623
311335659 551363581
375769062 950458501
575766781 350974885
846553180 143241745
134839928 659422311
896918104 517962495
646187821 8006469
976191383 425857155
170554788 974243678
699927065 111109343
454545418 945507947
922316723 43306275
2602533 346552205
879604925 594894681
63389289 584237465
186947031 250174456
60096107 273409273
925237238 533171139
707313536 699720267
578076497 515666051
704559159 653301909
313643606 686323164
898749311 30691920
996721527 528013336
120815608 177632888
826025440 878382732
177742893 527395828
479776887 958284618
114568380 608521808
110655689 421672875
712321179 113069582
189783233 27683037
967788121 926153423
102213765 70825696
216985248 796176684
723269685 439260635
753953353 743593431
369208571 411303474
27627825 484387023
133184725 313165915
249460762 2054850
176125598 910460020
282326912 480140621
629111015 609941784
353872204 351020945
471444306 499032806
523835767 574022563
303780877 78326467
377801412 949777812
669738133 328763051
397520580 659108397
117284013 951657839
407443371 925976621
75079338 287288624
119771972 815356165
597913648 60453270
630690013 380113053
148578100 979235746
849751708 213810666
775722031 186954080
368646999 359790598
835869928 978451729
557679871 510063249
29302060 261420271
291299089 951664170
161502334 101392671
707542440 251942501
709101717 688907276
382002402 688856391
525022560 43860397
574801458 308416047
873568578 870635201
164598703 803810139
169729050 131961935
87331561 51970473
792485889 616757729
94582175 60169459
155645830 656728918
927569753 82800745
415064113 158768595
250842238 747441159
814814870 90303171
603695862 806711066
330378398 627614551
29079534 816393083
48632158 318649293
66797987 890410635
467245796 4742447
601757944 448377945
368004292 295232284
283528265 345683316
159333737 10009950
733505184 467249355
64558560 908822339
876460969 90926857
549919442 875684300
123704069 330117387
334418755 963657240
217913160 209968845
630745894 966958866
670659660 985833024
61053410 978069111
569470086 101466877
604132175 699128363
570471064 541928087
61313083 250532788
638375443 700116243
144895989 574128792
738581173 878294951
849891273 411995974
929057090 308914293
456303299 777789010
919277935 510003887
29849279 516249262
767412554 116011196
36014637 261312972
283062289 751613118
862862572 174179413
413183430 561032906
31703319 614084131
457928389 173389229
369808978 914164982
475948696 44143538
594037965 696949006
449239964 972811390
451133979 593266790
620712663 194516069
115562750 493375376
79685166 941725895
984985029 44293834
620233036 371013514
480858204 5977827
686846274 303831353
926676599 305298209
808565980 291907644
240878607 792419408
850002069 923553839
157571557 457821748
176211435 205638832
870661401 252595949
954184018 913505237
921925856 713348687
1176149 993880787
28336390 858927603
611148487 158337408
444577623 920501848
402366348 145206433
943096439 45051766
272543065 401020558
351940880 900406322
961032739 55842146
88594083 794585610
548785871 354216186
839114772 829209309
702577840 362421321
154626015 344221235
5351627 899721109
383427296 813378519
922462538 145184120
920428002 511827133
608373743 121957035
587941021 155586960
464193968 252276779
86212335 568491914
841199249 354036602
765223271 180299968
554482413 457477818
838230866 653440542
143818636 242468024
586707869 703486553
804126396 837747001
112811722 150897507
308559196 133745821
801225645 478704472
315426102 378611165
676150248 924348719
632217835 87062430
377350417 961595082
917206359 849657547
577379173 883750325
196565270 45750664
132264222 319204509
456032557 170049356
868031429 350919992
922210882 210569022
332848652 344739883
-----
913882961
-----
