452118889285445140 915523684178595474 1367642573464040614 -463404794893150334 413925551205345249488983356079296360 0 452118889285445140
366800992705501014 281611583762464846 648412576467965860 85189408943036168 103295408481440455776492115992353844 1 85189408943036168
803078728431383360 90169874278066726 893248602709450086 712908854153316634 72413507978047527952054526566079360 8 81719734206849552
684263420445633848 11403216063389093 695666636509022941 672860204382244755 7802803627615216620781553434819864 60 70456642288268
71771325226087071 470477171320446384 542248496546533455 -398705846094359313 33766770074289242207343725371101264 0 71771325226087071
740611120420792066 794001896185013544 1534613016605805610 -53390775764221478 588046633949816306340618647417741904 0 740611120420792066
516931166704291434 807216759168333695 1324147925872625129 -290285592464042261 417275501100143776096936755442068630 0 516931166704291434
107571042168410217 868172162591316773 975743204759726990 -760601120422906556 93390184311550427719050406056669741 0 107571042168410217
830007138262196960 933196308399814575 1763203446662011535 -103189170137617615 774559597371776690272090196128692000 0 830007138262196960
641605061150032979 19888521208123544 661493582358156523 621716539941909435 12760575865921834228415638306357576 32 5172382490079571
296157486528214746 306278746087809517 602436232616024263 -10121259559594771 90706743618378951871565059718537682 0 296157486528214746
159641477158086833 143072288924904369 302713766082991202 16569188233182464 22840271544360320597112119523073377 1 16569188233182464
360707754843409367 445875828069828112 806583582913237479 -85168073226418745 160830868882013703358555007740725104 0 360707754843409367
204887657434774183 123347863582433426 328235521017207609 81539793852340757 25272454818988877625470827941040958 1 81539793852340757
127541003659912491 170414590574037023 297955594233949514 -42873586914124532 21734847920105744641011960774154293 0 127541003659912491
178084482540037440 799779175416542652 977863657956580092 -621694692876505212 142428260600352830869586891436890880 0 178084482540037440
469690743873117550 23954993297190309 493645737170307859 445735750575927241 11251438621232861104518811477822950 19 14545871226501679
440959907890642808 148497107225396201 589457015116039009 292462800665246607 65481270724137617390217268371172408 2 143965693439850406
69375249182854094 144398110087027936 213773359269882030 -75022860904173842 10017654868820760325231818389969984 0 69375249182854094
33060545615831502 234459588664384983 267520134280216485 -201399043048553481 7751361926107990273286112987134466 0 33060545615831502
882549667931909767 675994453940189468 1558544121872099235 206555213991720299 596598680848726886965001355059733956 1 206555213991720299
492188297256846033 624665031320242782 1116853328577088815 -132476734063396749 307452818121404691747547365153583806 0 492188297256846033
719719471249051213 859984727601620189 1579704198850671402 -140265256352568976 618947753431697420740658107835739257 0 719719471249051213
407714823558107292 995210683108267038 1402925506666374330 -587495859550159746 405762148066630524553929333391041096 0 407714823558107292
718827859720286577 385034303446601759 1103862163166888336 333793556273684818 276773384265412103704736064272288943 1 333793556273684818
881566757600505648 920790059937805899 1802356817538311547 -39223302337300251 811737907570146799691810514077217552 0 881566757600505648
277371862295044807 733077287461904703 1010449149756949510 -455705425166859896 203335012429508408332948178949027321 0 277371862295044807
851625714822884363 531649011212355777 1383274726035240140 319976703610528586 452765969208602152140709019286015051 1 319976703610528586
561858880406747154 282213902372500659 844072782779247813 279644978034246495 158564387222232264674250410911374486 1 279644978034246495
703548259043075705 47651812389145271 751200071432220976 655896446653930434 33525349646630421323323355895741055 14 36422885595041911
507374669660731259 370434502401910011 877809172062641270 136940167258821248 187949083287106451947963884572733849 1 136940167258821248
786478357311833586 745856741648206996 1532335098960040582 40621615663626590 586600184961438492600421510032967656 1 40621615663626590
574142021624180749 59277239217793660 633419260841974409 514864782406387089 34033553960804222687001480826251340 9 40646868664037809
681464529327216891 266892765210527465 948357294537744356 414571764116689426 181877952625031505640370742567411315 2 147678998906161961
960195057514326267 837703422415072560 1797898479929398827 122491635099253707 804358685865788548512204314318933520 1 122491635099253707
297579511328372904 306625658193472820 604205169521845724 -9046146865099916 91245513525954342989293083748469280 0 297579511328372904
730642773050043945 415450295945790376 1146093068995834321 315192477104253569 303545756294293709757897504558073320 1 315192477104253569
597830875699359570 955077117361638647 1552907993060998217 -357246241662279077 570974589432728445884701263661301790 0 597830875699359570
836999416757438664 8067368745398952 845066785502837616 828932048012039712 6752382934666112515522370349880128 103 6060435981346608
98508665170070258 402575789457931632 501084454628001890 -304067124287861374 39657203649288087107255392800601056 0 98508665170070258
971911854180749653 468408501563671773 1440320355744421426 503503352617077880 455251775268774806063780772375644769 2 35094851053406107
81110165043399369 117345557973825884 198455723017225253 -36235392930426515 9517917574366806303527821881467196 0 81110165043399369
797370784528561714 225193479838055009 1022564264366616723 572177304690506705 179562701689186767246283853983325426 3 121790345014396687
364853481206830141 364600192127946500 729453673334776641 253289078883641 133025649346560387053216764635456500 1 253289078883641
122475358412502446 199459140472501133 321934498885003579 -76983782059998687 24428829718019248741544927100271318 0 122475358412502446
801168984732399386 620719235427262324 1421888220159661710 180449749305137062 497300999651130948925875189758533064 1 180449749305137062
444038216232146205 619354459183017453 1063392675415163658 -175316242950871248 275017049271052674576148750162715865 0 444038216232146205
245744902483129031 428589364476738795 674334266959867826 -182844461993609764 105323651578642420813425726068457645 0 245744902483129031
21853283626204101 447738726234812012 469592009861016113 -425885442608607911 9784561374844697894790966878461212 0 21853283626204101
415371282482401093 333796562907126174 749167845389527267 81574719575274919 138649506422950472616175991826508182 1 81574719575274919
908120621367977330 227386515120424115 1135507136488401445 680734106247553215 206494383401858519809193709305312950 3 225961076006704985
183218045095122370 602746630255841303 785964675350963673 -419528585160718933 110434059283147781345361966085248110 0 183218045095122370
984263914173180292 102836356254281228 1087100270427461520 881427557918899064 101218114526146450932338841315158576 9 58736707884649240
99569551661202957 586718373702235891 686287925363438848 -487148822041032934 58419285420921758981104349640729687 0 99569551661202957
505659608533144898 478641600891066676 984301209424211574 27018007642078222 242029724534254553573647460087219048 1 27018007642078222
715348087149503343 473953500058843055 1189301587208346398 241394587090660288 339041729664905399512833518434832865 1 241394587090660288
175619576555480641 738136231179213451 913755807734694092 -562516654623732810 129631172359951833118870449637302091 0 175619576555480641
876982727193050123 568224470999716754 1445207198192766877 308758256193333369 498323046235159819168613410324860742 1 308758256193333369
555239748312009411 450137988821659111 1005377737133668522 105101759490350300 249934503619012110494514471265893621 1 105101759490350300
848755186121642429 105808939520874079 954564125642516508 742946246600768350 89805886156373086217456913172697891 8 2283669954649797
505939415675769243 245438798727713916 751378214403483159 260500616948055327 124177162412462314167455736135885588 2 15061818220341411
564150168932177295 705919988679017248 1270070157611194543 -141769819746839953 398244880865868264067334585498984160 0 564150168932177295
272531876415697865 934534322657653897 1207066199073351762 -662002446241956032 254690392528763645006128622891829905 0 272531876415697865
792439630269748554 337265312901287071 1129704943171035625 455174317368461483 267262399858306983536503462141145334 2 117909004467174412
900615716596481829 120743139409965971 1021358856006447800 779872577186515858 108743169023815409142258719209840959 7 55413740726720032
858944735858303239 671159418417987325 1530104154276290564 187785317440315914 576488849371850544818998651908445675 1 187785317440315914
797401557842563175 5444020051182772 802845577893745947 791957537791380403 4341070069739292903464222881621100 146 2574630369878463
824535274532300679 232617306142696632 1057152580674997311 591917968389604047 191801174381332600571905456104613128 3 126683356104210783
659195321651324515 308219515253849963 967414836905174478 350975806397474552 203176862496976949131872052033742945 2 42756291143624589
146681799071954714 182360399653857273 329042198725811987 -35678600581902559 26748951500708452494893126075534922 0 146681799071954714
470164631249255069 656879616329753818 1127044247579008887 -186714985080498749 308841562586830852253777472658603442 0 470164631249255069
331399475931382352 56360986894963776 387760462826346128 275038489036418576 18678001519966504045690138645681152 5 49594541456563472
153582870192844686 628864065408561972 782446935601406658 -475281195215717286 96582748126587763463017235201880792 0 153582870192844686
760643474155636697 510045547972656901 1270689022128293598 250597926182979796 387962817587537206592733440385895997 1 250597926182979796
472183317284955799 389472589186192596 861655906471148395 82710728098763203 183902459153497223420271202961064204 1 82710728098763203
120825361718246512 415008239015770561 535833600734017073 -294182877297524049 50143520595132982850337039430533232 0 120825361718246512
420772410696898436 972943730938614339 1393716141635512775 -552171320241715903 409387879139475281888712134856273804 0 420772410696898436
946190185662292102 238351690174691153 1184541875836983255 707838495487600949 225526029979312146275982255921173606 3 231135115138218643
13446703996914056 874930517847232565 888377221844146621 -861483813850318509 11764931691358466938748199749433640 0 13446703996914056
830186596423422093 47358260858425080 877544857281847173 782828335564997013 39316193394588489019742004057292440 17 25096161830195733
323521767493716317 406422322945796032 729944090439512349 -82900555452079715 131486468268325909925611551552254144 0 323521767493716317
102928320965811956 632873515477578955 735801836443390911 -529945194511766999 65140608331838007389502404672985980 0 102928320965811956
107033772707339216 464138104736556452 571171877443895668 -357104332029217236 49678452407187786468578671297421632 0 107033772707339216
325187757449799434 858575075109880774 1183762832559680208 -533387317660081340 279198103277275240265415777952681916 0 325187757449799434
501980201092090392 192953557708626794 694933758800717186 309026643383463598 96858865700010746253287657241163248 2 116073085674836804
805644450007948466 576383928194725995 1382028378202674461 229260521813222471 464360512823860885198679970950573670 1 229260521813222471
916981625338268335 106644345134572083 1023625970472840418 810337280203696252 97790904934635157414811924453891805 8 63826864261691671
633807142564778135 515885271231763489 1149692413796541624 117921871333014646 326971769650659557943282974078513015 1 117921871333014646
163498754607369742 870675363124346710 1034174117731716452 -707176608516976968 142354337538150104815590115171248820 0 163498754607369742
882193500527158835 779282104061050792 1661475604588209627 102911396466108043 687477607279788057985424304386547320 1 102911396466108043
182666406822364865 615655794014301236 798322200836666101 -432989387191936371 112459631731962413312516460012473140 0 182666406822364865
51250249097915848 374788916029700858 426039165127616706 -323538666931785010 19208025305660034902062594697397584 0 51250249097915848
697405068729730994 822420827325042656 1519825896054773650 -125015758595311662 573560453605383599420786346455280064 0 697405068729730994
71924567775696550 850520162880229637 922444730655926187 -778595595104533087 61173295099675545553424371628652350 0 71924567775696550
996409270012348425 304059575774452631 1300468845786801056 692349694237895794 302967779937686687571272015229956175 3 84230542688990532
624097644927231607 401455171361387046 1025552816288618653 222642473565844561 250547226990499851660598912411562922 1 222642473565844561
905930626711698733 709151816391812416 1615082443103511149 196778810319886317 642442349457574132532153944040868928 1 196778810319886317
238394780178810828 232640894563585582 471035674742396410 5753885615225246 55460374920087891815637396566281896 1 5753885615225246
71141609793671009 738459151805556693 809600761599227702 -667317542011885684 52535172826316178399539389340013237 0 71141609793671009
100076518401908995 714861483386593180 814938001788502175 -614784964984684185 71540848396954353689062101447654100 0 100076518401908995
